windmap/data/test_1deg_1204deg.json
{"header": { "discipline":0, "disciplineName":"Meteorological products", "gribEdition":2, "gribLength":78921, "center":7, "centerName":"US National Weather Service - NCEP(WMC)", "subcenter":0, "refTime":"2024-04-12T00:00:00.000Z", "significanceOfRT":1, "significanceOfRTName":"Start of forecast", "productStatus":0, "productStatusName":"Operational products", "productType":1, "productTypeName":"Forecast products", "productDefinitionTemplate":0, "productDefinitionTemplateName":"Analysis/forecast at horizontal level/layer at a point in time", "parameterCategory":2, "parameterCategoryName":"Momentum", "parameterNumber":2, "parameterNumberName":"U-component_of_wind", "parameterUnit":"m.s-1", "genProcessType":2, "genProcessTypeName":"Forecast", "forecastTime":0, "surface1Type":103, "surface1TypeName":"Specified height level above ground", "surface1Value":10.0, "surface2Type":255, "surface2TypeName":"Missing", "surface2Value":0.0, "gridDefinitionTemplate":0, "gridDefinitionTemplateName":"Latitude_Longitude", "numberPoints":65160, "shape":6, "shapeName":"Earth spherical with radius of 6,371,229.0 m", "gridUnits":"degrees", "resolution":48, "winds":"true", "scanMode":0, "nx":360, "ny":181, "basicAngle":0, "lo1":0.0, "la1":90.0, "lo2":359.0, "la2":-90.0, "dx":1.0, "dy":1.0 }, "data":
[rows 130 to 155 of 181, columns 171 to 227 of 360]
5.4263625,3.6263623,-1.9436377,1.2863623,0.9963623,-0.7936377,-5.1236377,-6.153638,-4.5736375,-4.233638,-4.253638,-3.4736376,-3.8636377,-3.6836376,-4.0636377,-4.3336377,-5.8436375,-5.9336376,-5.633638,-4.4136376,-5.5836377,-5.773638,-6.403638,-6.8136377,-6.8936377,-7.8036375,-7.503638,-6.6836376,-6.8736377,-6.7636375,-6.3136377,-5.363638,-4.7036376,-3.8336377,-5.1636376,-4.673638,-4.0836377,-3.5836377,-3.3536377,-2.8336377,-2.6636376,-1.7036377,-0.9136377,-0.2136377,-0.073637694,0.5263623,1.4863623,1.8863623,2.4263623,2.3563623,2.7463622,2.9863622,3.6563623,3.1863623,4.2963624,4.2163625,4.9563622
0.15636231,-6.3536377,-1.9036376,-6.0436378,-0.9536377,-1.4336377,-4.863638,-3.4236376,-4.463638,-3.7836378,-4.733638,-3.1436377,-4.0336375,-3.7636378,-4.3036375,-4.4736376,-4.8736377,-4.773638,-4.4336376,-3.7536378,-4.0736375,-4.7836375,-5.0736375,-4.5936375,-5.9536376,-6.6836376,-6.113638,-5.5336375,-4.903638,-4.653638,-3.8536377,-3.1436377,-2.6836376,-4.0136375,-4.193638,-4.4936376,-2.3936377,-2.0736377,-2.3036377,-1.6136377,-1.0636377,-0.1936377,0.056362305,0.7063623,1.1563623,1.3063623,2.2463622,2.8563623,3.1263623,3.1663623,2.6963623,2.5763624,3.4563622,3.9463623,3.4363623,4.3563623,4.7063622
-8.493638,-1.6036377,-2.3236377,0.3463623,5.866362,-5.273638,-3.8436377,-3.7036376,-3.9636376,-3.3536377,-3.9436376,-3.6236377,-3.9036376,-4.3036375,-3.7836378,-5.0636377,-4.023638,-3.5436378,-3.5136378,-3.0836377,-2.6736376,-3.5736377,-2.9436376,-4.5636377,-4.403638,-4.6236377,-3.6336377,-3.7536378,-3.2536378,-2.9736376,-1.6436377,-1.4736377,-1.0236377,-1.6236377,-1.5936377,-1.4436377,-0.7136377,-0.5236377,-0.5936377,-0.27363768,0.6463623,1.3363624,1.5063623,1.7863623,2.4563622,2.7163622,3.7363622,3.8863623,3.8263624,4.2363625,3.2963624,4.016362,3.5163622,3.9063623,3.9663622,4.1963625,4.7063622
-3.3236377,0.046362303,6.0463624,4.6463623,4.076362,0.056362305,-3.9736376,-2.5036378,-2.6936376,-3.6036377,-3.0236378,-3.2336378,-3.3036377,-3.8636377,-2.3836377,-4.2836375,-2.9636376,-2.8036377,-2.4336376,-1.4436377,-1.1736377,-1.2136377,-1.1136377,-2.4236376,-2.9536376,-1.4536377,-1.8236377,-2.6536376,-1.2136377,-0.15363769,-0.2936377,0.3963623,1.2563623,0.5663623,0.3463623,0.1963623,1.4663624,1.6163623,1.6063623,1.6163623,2.5763624,2.2363622,2.9463623,3.1963623,3.5463624,4.576362,5.2563624,5.1863623,5.016362,4.2063622,3.9363623,3.9263623,3.4763622,4.2363625,3.3763623,4.3763623,4.0663624
0.2163623,6.0663624,8.216362,8.566362,2.7063622,-1.3736377,-3.6636376,-3.0436378,-1.5336376,-2.1236377,-1.5236377,-2.5636377,-2.0836377,-2.5436378,-1.8636377,-2.7036376,-0.9736377,-1.9436377,-0.5236377,0.1663623,0.036362305,-0.1636377,0.3563623,0.1763623,0.5663623,0.1163623,-0.9236377,0.4563623,0.47636232,2.4563622,3.0663624,3.0763624,4.1963625,3.7163622,3.7463622,2.5263624,3.8163624,4.2963624,3.0263624,3.9763622,4.6063623,4.0463624,4.346362,4.326362,5.496362,7.0063624,6.116362,6.1663623,5.496362,5.0863624,4.6863623,4.3563623,3.5963624,3.5563624,3.1863623,3.9963622,3.9663622
3.1163623,2.8463624,2.4163623,2.3163624,0.3263623,-1.3436377,-1.7036377,-1.4636377,-0.8336377,-0.17363769,-1.7836376,-1.6736377,-0.9536377,0.3263623,0.056362305,0.5663623,-0.3936377,0.2963623,0.8363623,1.2763623,2.4363623,1.0263623,1.0463623,2.0163622,2.0863624,2.2363622,2.0763624,1.7463623,2.6463623,3.6163623,4.2963624,5.0863624,5.2963624,7.076362,5.7163625,4.8363624,5.0063624,5.886362,5.0863624,5.6563625,6.266362,6.016362,5.3763623,5.8563623,6.7763624,6.9063625,7.1863623,6.886362,6.1763625,5.9163623,5.1463623,4.7163625,3.9363623,2.6463623,2.6763623,2.8763623,3.4163623
0.9163623,-1.5636377,-4.363638,-2.1736376,-1.6236377,-1.0736377,0.2863623,-0.4536377,-0.4236377,0.6663623,-0.2836377,-0.11363769,0.016362304,1.7663623,1.1363623,1.6963623,2.1463623,1.3363624,2.5163622,1.8763623,1.0963624,2.7263622,3.1263623,3.9263623,3.0163622,4.096362,4.616362,3.2463622,3.7563622,5.3763623,6.596362,6.286362,6.8963623,7.0063624,6.8763623,7.1663623,6.0263624,6.4063625,7.2363625,6.7763624,7.4063625,7.4363623,7.246362,6.9363623,6.8363624,7.0263624,7.136362,7.0663624,7.246362,6.726362,5.8763623,5.0063624,4.246362,2.5763624,2.0363624,2.3963623,2.9663622
-3.1936376,-3.5736377,-6.0136375,-7.4736376,-4.773638,-0.8736377,0.2763623,0.3063623,0.6763623,1.3463624,1.9163623,1.7263623,0.8263623,2.1263623,1.8863623,1.6763623,2.1363623,3.1163623,2.9363623,2.2063622,3.2563622,3.0663624,1.9863623,3.6963623,4.4863625,4.9063625,5.8363624,6.496362,5.6963625,6.6063623,8.1963625,7.476362,7.846362,9.246363,9.466362,8.276362,9.236362,8.286363,8.876362,8.876362,8.136362,8.376362,7.996362,8.346362,8.186362,7.3963623,7.306362,7.5263624,7.3363624,7.1663623,6.9663625,5.9363623,4.6763625,3.5363624,2.6263623,2.1863623,2.4963622
-2.8936377,-4.4936376,-5.003638,-7.463638,-7.003638,-6.3236375,-0.9836377,0.6663623,1.8963623,1.6463623,1.8363624,2.7963624,3.4563622,2.7763624,3.2063622,3.8063624,4.136362,4.076362,4.9063625,4.5463624,4.1563625,5.536362,4.826362,4.1263623,5.4063625,5.636362,6.346362,6.5463624,7.246362,8.616363,8.366363,7.9863625,8.786363,10.256362,9.886362,8.956363,9.536363,9.976362,10.236362,9.9463625,9.576363,9.686362,9.6963625,9.056362,9.316362,8.786363,8.346362,8.006362,7.8163624,8.076363,7.976362,6.7763624,5.576362,4.3163624,3.0663624,2.5163622,2.8763623
-1.0736377,-2.5236378,-4.2636375,-5.6636376,-6.3136377,-6.253638,-6.0636377,-4.8336377,2.0463624,2.2763624,2.6963623,3.8463624,3.8963623,5.846362,4.8163624,4.6763625,5.1663623,5.636362,6.0863624,6.0863624,6.616362,6.9663625,6.6063623,5.9663625,6.226362,6.8363624,7.996362,8.346362,8.596362,8.876362,9.436362,9.826363,10.546362,10.916363,10.266362,9.9463625,10.666363,11.126362,11.186362,11.076363,10.876362,11.076363,10.416363,10.856362,10.076363,9.396362,8.836362,9.176362,8.476362,8.756362,8.866363,8.576363,6.9163623,5.136362,4.6263623,3.5463624,3.2963624
2.6163623,0.6363623,-1.0236377,-2.7036376,-5.133638,-3.8236377,-3.7036376,-5.753638,-6.443638,-2.5236378,3.4963622,4.346362,5.1663623,5.9463625,6.6863623,7.1063623,7.0463624,6.8563623,6.9363623,7.0263624,7.7063622,8.336362,8.856362,8.766362,8.416363,7.616362,7.7563624,8.4463625,8.906363,9.716362,10.686362,11.616363,12.186362,11.806362,12.256362,12.776362,12.776362,12.256362,11.886362,11.776362,11.966362,11.906363,12.1963625,11.476362,10.466362,10.236362,9.866363,9.896362,9.506362,9.646362,9.616363,9.686362,8.236362,6.8163624,7.056362,5.2163625,4.246362
5.366362,4.226362,3.4763622,1.7563623,-0.15363769,-2.1836376,-3.3936377,-3.1236377,-3.9936378,-5.6036377,-8.073638,-4.6036377,3.6963623,6.556362,7.806362,8.016362,8.496363,9.216362,8.526362,9.556362,9.866363,9.646362,10.366363,10.576363,10.496363,10.516362,10.606362,10.426362,11.776362,11.726362,11.936362,12.536363,13.046362,13.176362,13.276362,12.526362,12.456363,11.936362,11.736362,13.796362,12.336362,12.206363,11.046362,10.796362,12.016362,12.116363,11.606362,11.276362,10.806362,11.136362,10.966362,10.1963625,10.296362,8.646362,8.246363,7.9563622,6.4663625
7.056362,6.4563622,5.9063625,5.3963623,4.1763625,2.6263623,0.18636231,-1.7036377,-2.3336377,-2.9336376,-2.7036376,-5.2936378,-6.003638,-4.9936376,1.7863623,8.296362,9.096362,9.756362,10.506362,10.846362,11.916363,12.296362,12.526362,11.936362,11.366363,11.376362,11.386362,12.236362,12.546362,12.886362,13.186362,13.736362,13.586362,13.376362,12.996363,13.016362,13.026362,12.6963625,13.056362,13.026362,12.406363,12.276362,12.616363,12.776362,13.346362,13.116363,12.806362,12.406363,11.936362,11.806362,12.046362,11.856362,11.476362,10.806362,9.476362,9.496363,8.436362
8.556362,7.5863624,6.8763623,6.366362,6.0663624,4.826362,4.9263625,2.9563622,2.0263624,1.2063622,-0.5236377,-0.9136377,-1.8136377,-1.5936377,-3.7936378,-5.863638,-6.1236377,-1.5236377,10.256362,10.636362,11.836362,12.116363,12.306362,13.176362,13.206363,13.086362,12.516362,12.686362,13.366363,13.896362,13.806362,13.776362,13.786363,13.826363,14.316362,13.786363,14.506362,13.716362,12.326363,12.756362,13.576363,14.176362,13.506362,13.016362,12.686362,12.176362,11.786363,12.046362,12.096362,12.236362,12.646362,12.756362,12.586362,12.346362,10.816362,10.166363,10.236362
10.116363,9.486362,8.736362,7.4163623,6.8963623,6.076362,5.9363623,5.2363625,5.306362,4.6663623,4.6063623,4.366362,3.1663623,1.6863623,0.6563623,0.3263623,-0.053637695,-3.5536377,-3.4936378,-4.8536377,-3.6036377,10.206363,12.496363,13.476362,13.726362,13.536363,13.166363,13.646362,13.266362,13.566362,13.306362,13.6963625,13.476362,13.006362,12.706363,12.846362,13.486362,14.006362,14.266362,13.206363,13.326363,13.246363,12.706363,12.096362,11.876362,11.6963625,11.786363,11.336362,11.706363,12.046362,12.186362,12.476362,12.676362,12.006362,11.796362,10.436362,10.656363
9.986362,9.736362,9.1963625,8.586362,8.086362,7.4863625,6.9563622,6.9163623,7.7563624,7.596362,7.1763625,6.7163625,5.996362,4.9563622,5.2063622,4.846362,4.3963623,3.0163622,3.1363623,2.7563622,0.5663623,0.6663623,0.056362305,-0.23363769,8.346362,12.516362,13.726362,13.916363,14.396362,14.486362,14.356362,14.406363,14.756362,14.276362,13.806362,14.496363,14.786363,14.296362,13.106362,12.516362,12.116363,11.496363,10.796362,10.546362,10.526362,10.796362,11.026362,11.176362,11.496363,10.456363,10.406363,10.476362,10.686362,11.226362,11.716362,11.866363,11.976362
9.846362,9.726362,9.356362,8.996363,8.526362,8.456363,8.236362,7.8363624,7.726362,8.086362,8.106362,8.046362,7.4663625,6.616362,7.3763623,6.1563625,5.9363623,6.1963625,6.1863623,5.536362,5.8163624,5.4163623,4.036362,3.6363623,3.7263622,3.4863622,3.5463624,3.8263624,8.056362,10.076363,10.586362,11.776362,13.026362,12.566362,12.076363,11.756362,11.776362,11.726362,11.386362,10.376362,9.126362,8.276362,8.466362,8.836362,8.516362,10.726362,10.736362,10.826363,10.646362,10.316362,9.346362,9.366363,9.106362,10.136362,11.046362,12.326363,13.846362
9.836362,9.966362,9.656363,9.546362,9.216362,8.566362,8.726362,9.286363,9.086362,8.976362,9.246363,9.206363,8.996363,9.066362,8.686362,8.506362,8.876362,7.7563624,6.3763623,6.6763625,6.5063624,7.476362,7.1663623,7.576362,7.556362,7.8363624,7.6563625,7.9063625,7.6563625,7.366362,6.806362,7.2563624,7.3763623,7.5063624,8.036363,7.766362,7.1563625,7.1663623,7.8763623,8.626362,7.866362,7.746362,9.426362,8.806362,9.266362,9.756362,9.686362,9.326363,9.316362,9.226362,8.806362,8.616363,8.356362,8.866363,9.816362,11.066362,12.656363
9.846362,9.786363,10.036363,10.316362,9.746363,9.576363,9.306362,9.166363,9.066362,9.596362,10.406363,10.296362,9.826363,9.726362,9.806362,9.806362,9.486362,9.496363,8.846362,7.786362,7.386362,8.596362,7.346362,7.766362,7.286362,8.716362,9.736362,10.796362,10.806362,10.426362,10.326363,10.556362,10.166363,10.566362,10.666363,9.636362,9.006362,8.976362,8.936362,8.886362,8.716362,8.966362,8.9463625,8.966362,9.516362,10.1963625,10.076363,10.126362,10.256362,10.236362,10.556362,10.846362,10.906363,10.806362,11.126362,11.206363,11.756362
9.646362,9.076363,9.866363,9.936362,10.076363,10.156363,9.676362,9.516362,9.576363,9.806362,10.206363,10.566362,10.826363,11.106362,11.026362,10.9463625,10.896362,10.836362,10.306362,9.926362,9.476362,8.736362,8.9463625,9.426362,9.646362,9.616363,10.396362,11.476362,12.736362,13.026362,12.736362,12.846362,13.016362,12.806362,12.426362,11.956363,11.666363,11.456363,11.266362,10.636362,10.796362,10.776362,10.996363,11.216362,11.796362,12.1963625,12.346362,12.646362,12.846362,12.936362,13.166363,13.276362,13.106362,12.966362,12.716362,12.806362,13.326363
9.066362,8.996363,8.826363,9.056362,9.036363,9.146362,9.546362,9.826363,9.796362,9.9463625,9.876362,10.146362,11.056362,12.186362,12.296362,11.866363,11.746363,11.506362,11.1963625,11.006362,10.986362,11.176362,11.506362,11.626362,12.256362,12.466362,12.516362,13.146362,13.736362,14.346362,14.186362,15.026362,15.776362,15.726362,15.176362,14.966362,14.556362,13.886362,13.546362,13.216362,13.286363,13.266362,13.246363,13.386362,13.456363,13.826363,14.306362,14.4463625,14.816362,15.126362,15.286363,15.256362,15.186362,15.456363,15.246363,15.466362,15.566362
7.0663624,7.9163623,7.866362,8.016362,8.676362,8.606362,8.526362,8.506362,9.306362,9.606362,10.116363,11.016362,11.606362,12.316362,13.246363,13.066362,12.776362,12.336362,12.266362,12.206363,12.286363,12.236362,12.646362,13.086362,13.386362,14.416363,15.366363,15.676362,15.996363,16.196362,16.456362,16.936363,17.016363,17.196362,17.606361,16.836363,16.286362,15.716362,15.416363,15.266362,15.306362,15.506362,15.436362,15.406363,15.636362,15.576363,16.106361,16.596363,16.916363,17.276361,17.476362,17.526361,17.786362,17.686363,17.746363,17.196362,17.176363
5.5463624,6.1463623,7.7363625,7.846362,8.156363,7.4463625,6.2063622,6.6263623,7.6263623,8.096362,9.766362,11.336362,12.126362,12.686362,12.286363,13.226362,12.876362,13.016362,12.9463625,12.966362,13.306362,13.396362,13.516362,14.286363,15.176362,16.316362,17.116362,17.166363,17.506363,18.016363,18.196362,18.616362,18.406363,18.246363,18.476362,18.536362,17.726362,16.336363,15.806362,15.786363,16.256363,16.336363,17.486362,17.616362,17.426363,17.476362,18.046362,18.726362,18.966362,19.356361,19.306362,19.576363,19.376362,19.366362,19.156363,18.386362,18.596363
4.9663625,5.826362,7.576362,8.156363,4.8963623,2.7763624,2.6563623,3.9263623,5.766362,7.9663625,9.556362,10.736362,11.516362,11.496363,10.976362,13.626362,10.526362,12.706363,10.916363,12.296362,12.146362,13.066362,14.796362,16.316362,17.096363,17.646362,18.156363,18.196362,18.286362,18.586363,19.226362,19.156363,19.246363,18.996363,19.146362,18.776361,17.726362,15.376362,14.856362,16.066362,16.806362,17.286362,17.496363,17.716362,18.176363,18.996363,19.536362,20.446362,20.396362,20.946362,20.586363,20.836363,21.056362,20.646362,20.076363,19.766363,19.166363
-0.8336377,-2.3636377,-2.9336376,-1.1836377,0.6663623,0.7763623,2.3363624,5.4063625,6.536362,7.7163625,8.986362,8.906363,8.156363,7.7163625,7.2163625,6.346362,7.1563625,9.066362,11.626362,13.586362,14.646362,15.816362,16.726362,17.646362,18.126362,18.576363,18.786362,18.836363,18.816362,19.456362,19.536362,20.066362,19.286362,19.256363,18.886362,16.936363,15.6963625,15.686362,16.076363,16.806362,17.416363,17.916363,18.376362,18.976362,19.856361,20.546362,21.266363,21.576363,21.766363,22.326363,22.336363,22.236362,21.596363,21.206362,20.926363,19.186363,18.776361
-9.043637,-7.3936377,-5.4536376,-4.233638,-1.4736377,1.0263623,3.5463624,5.7363625,7.9363623,8.116363,6.476362,6.4463625,7.516362,8.896362,10.176362,11.156363,12.526362,13.236362,14.226362,15.316362,16.416363,17.116362,17.376362,17.806362,18.496363,18.266363,17.866362,17.636362,17.636362,17.526361,17.276361,16.236362,16.346363,16.306362,15.776362,15.786363,16.346363,16.646362,17.016363,17.236362,17.936363,18.736362,19.576363,20.356361,21.016363,21.666363,22.216362,22.776361,23.046362,23.106361,22.786362,22.506363,21.816362,20.916363,20.356361,17.126362,16.336363
