windmap/data/test_1deg_1204deg.json
{"header": { "discipline":0, "disciplineName":"Meteorological products", "gribEdition":2, "gribLength":78870, "center":7, "centerName":"US National Weather Service - NCEP(WMC)", "subcenter":0, "refTime":"2024-04-12T00:00:00.000Z", "significanceOfRT":1, "significanceOfRTName":"Start of forecast", "productStatus":0, "productStatusName":"Operational products", "productType":1, "productTypeName":"Forecast products", "productDefinitionTemplate":0, "productDefinitionTemplateName":"Analysis/forecast at horizontal level/layer at a point in time", "parameterCategory":2, "parameterCategoryName":"Momentum", "parameterNumber":3, "parameterNumberName":"V-component_of_wind", "parameterUnit":"m.s-1", "genProcessType":2, "genProcessTypeName":"Forecast", "forecastTime":0, "surface1Type":103, "surface1TypeName":"Specified height level above ground", "surface1Value":10.0, "surface2Type":255, "surface2TypeName":"Missing", "surface2Value":0.0, "gridDefinitionTemplate":0, "gridDefinitionTemplateName":"Latitude_Longitude", "numberPoints":65160, "shape":6, "shapeName":"Earth spherical with radius of 6,371,229.0 m", "gridUnits":"degrees", "resolution":48, "winds":"true", "scanMode":0, "nx":360, "ny":181, "basicAngle":0, "lo1":0.0, "la1":90.0, "lo2":359.0, "la2":-90.0, "dx":1.0, "dy":1.0 }, "data":
[rows 26 to 51 of 181, columns 285 to 341 of 360]
-5.7365065,-4.806506,-4.096506,-2.9265063,-2.3665063,-1.9465064,-2.8865063,-1.6565063,-1.0165063,-0.21650635,0.14349365,-3.2965064,-1.1465063,-0.29650635,-0.0065063476,0.033493653,0.7934936,2.3534937,1.3034936,-0.32650635,-1.2365063,-1.1765064,-2.5965064,-4.9365063,-0.24650635,2.9434936,1.0434936,0.95349365,-0.18650635,-1.3165064,-2.0765064,-3.8965063,-3.6365063,-2.1165063,1.9834937,0.53349364,-0.54650635,-4.246506,-6.6065063,-7.6565065,-8.076507,-8.6965065,-9.326507,-9.4465065,-10.906507,-11.206507,-12.336506,-13.596506,-14.906507,-11.716506,-15.236506,-7.6165066,-8.126507,-3.6365063,-2.3665063,-1.0965064,0.75349367
-5.9865065,-4.5265064,-3.9065063,-2.9765062,-0.68650633,-0.61650634,-1.1365063,-0.68650633,-1.9565064,0.88349366,-1.4065063,-0.0065063476,0.24349365,0.77349365,0.21349365,-0.97650635,-1.3065064,-0.8765063,-0.25650635,-1.0265063,-2.0765064,-2.3465064,-3.2665064,-4.556506,-4.0265064,-1.1565063,-1.8665063,-0.8765063,-2.7465065,-4.4365063,-4.996506,-4.7565064,-4.2365065,-1.3665063,-0.48650634,-1.7565063,-4.726506,-6.766506,-8.306506,-8.616507,-8.836506,-9.046506,-9.366507,-10.576507,-10.1965065,-11.436506,-12.1965065,-12.6965065,-13.406507,-9.346506,-9.556506,-7.8165064,-4.1865063,-5.536506,-1.8965063,-2.4565063,3.9934936
-4.9065065,-1.6665063,-1.2365063,-0.78650635,-0.8765063,-0.06650635,0.21349365,0.6834937,0.6734936,-1.1565063,-1.3465064,-0.58650637,1.5234936,2.1834936,2.4134936,1.5634936,1.5634936,-1.2165064,-2.4565063,-2.1665063,-2.3865063,-3.2065063,-3.8665063,-3.5365064,-4.3665066,-5.2365065,-0.8865063,-2.0965064,-3.8065064,-5.8965063,-5.5865064,-4.3865066,-2.2065063,0.063493654,-1.3065064,-3.6165063,-6.5665064,-8.786507,-10.386506,-10.006506,-10.106506,-9.806506,-9.716506,-9.316506,-9.426506,-9.426506,-10.176506,-10.736506,-10.576507,-9.1965065,-6.9165063,-5.8365064,-6.2565064,-3.2065063,-3.1565063,-0.65650636,1.3234936
-0.80650634,-1.1465063,-1.4065063,-2.5365064,-2.3665063,-0.40650636,-0.15650634,0.37349364,0.95349365,1.4334936,1.8034936,2.4734936,2.7334936,3.2234936,2.9034936,1.3234936,0.11349365,-0.22650635,0.27349365,-2.2165062,-3.5465064,-3.8965063,-4.1265063,-4.8665066,-4.7365065,-3.6265063,-6.076506,-3.1965063,-3.5365064,-2.6765063,-0.52650636,-1.2465063,-1.0265063,-0.12650634,-1.5765064,-4.2365065,-7.826506,-9.506506,-11.336506,-11.496507,-11.496507,-6.1665063,-6.6165066,-8.316506,-9.306506,-7.746506,-7.266506,-7.9065065,-7.556506,-6.6765065,-5.8765063,-5.4165063,-4.2965064,-2.6965063,-3.1165063,-1.6865064,-0.15650634
-0.24650635,-0.43650636,-0.16650635,-0.19650635,-0.55650634,-1.7265064,-0.58650637,0.58349365,1.9434936,2.1534936,0.6234937,2.3834937,2.1734936,2.1734936,2.8034937,3.6734936,0.23349366,0.32349366,-0.44650635,-0.06650635,-0.93650633,-2.5765064,-4.076506,-5.7165065,-5.6965065,-5.766506,-3.1365063,-2.6465063,-2.5965064,-2.3465064,-2.7865064,-1.3065064,0.46349365,2.0034935,-1.0865064,-4.4065065,-7.1765065,-8.706507,-11.226506,-10.906507,-10.466506,-10.916507,-6.596506,-3.8565063,-1.6865064,-2.1265063,-3.3265064,-3.5565064,-3.8865063,-4.3965063,-4.556506,-5.3765063,-4.5265064,-4.4065065,-3.1965063,0.11349365,4.3634934
2.4834936,2.6734936,2.7934937,3.2334936,2.6334937,0.44349366,2.0134935,3.2234936,4.3734937,5.5634937,2.4234936,3.1834936,0.7934936,1.9134936,3.2034936,2.9734936,4.5134935,2.5434937,1.1834936,0.6134937,0.04349365,-0.13650635,-1.7165064,-4.036506,-5.576506,-5.4865065,-3.9065063,-6.326506,-5.3665066,-6.0465064,-5.6765065,-4.596506,-3.5065064,1.0134937,-1.3465064,-3.8065064,-5.3565063,-6.7365065,-8.176506,-8.656507,-8.146506,-7.516506,-5.556506,-3.5065064,-2.7265062,-2.1965063,-3.2165062,-0.40650636,0.72349364,-0.43650636,-3.0565064,-2.4265063,-2.7065063,-4.4565063,2.4234936,4.7634935,5.403494
3.5434937,3.9634936,3.5534937,3.6634936,3.8434937,3.4434936,2.2834938,4.2934937,4.6434937,4.8134937,2.6034937,2.9234936,2.2134936,3.4934936,3.7034936,5.0534935,5.9934936,5.983494,5.1034937,3.3534937,0.78349364,0.27349365,-1.1365063,-2.0165064,-3.3865063,-4.1665063,-5.036506,-6.1565065,-6.346506,-5.326506,-5.3565063,-5.1865063,-4.2965064,-4.5665064,-1.4465064,-2.4265063,-4.076506,-5.516506,-6.766506,-8.346506,-7.766506,-6.4465065,-5.7565064,-4.9565063,-4.6465063,-4.226506,-4.2565064,-2.9165063,0.9834936,0.25349367,-0.086506344,0.66349363,1.2634937,2.3534937,5.7034936,8.393494,9.733494
4.023494,4.4534936,4.9534936,5.193494,4.1034937,3.2234936,2.6734936,4.1434937,4.5134935,4.6434937,3.8234937,4.253494,3.0634937,2.0834937,3.2434936,4.3734937,5.8134937,6.1234937,5.9334936,4.6634936,3.6234937,1.9434936,-0.61650634,-2.0765064,-2.6465063,-3.4465063,-4.226506,-4.9065065,-5.4665065,-5.2965064,-5.4065065,-5.1265063,-5.846506,-3.3165064,-3.3165064,-3.2965064,-2.7765064,-5.0265064,-6.3865066,-6.3565063,-6.476506,-5.9465065,-4.9565063,-5.7365065,-2.7865064,-2.1465063,-1.1765064,-0.65650636,-0.60650635,-2.0765064,-2.5365064,0.59349364,0.49349365,1.9934937,5.8334937,9.243494,10.183494
3.6534936,5.0334935,4.6134934,3.8934937,3.8234937,5.3334937,4.0834937,4.1134934,4.2034936,3.7934937,3.3234937,4.1634936,2.8234937,1.7434937,3.1434937,5.023494,5.423494,5.483494,5.753494,5.3434935,3.5634937,2.5434937,1.3534937,-0.086506344,-1.4065063,-3.2265062,-3.3065064,-3.7265062,-4.0465064,-3.8065064,-4.6265063,-5.556506,-5.6365066,-5.286506,-4.0465064,-3.9365063,-4.346506,-3.6365063,-5.286506,-4.8865066,-5.6165066,-5.746506,-5.1965065,-4.5465064,-3.2065063,-3.5265064,-4.4565063,-3.5465064,-3.0865064,-0.22650635,1.2734936,2.1234937,3.6834936,7.0934935,8.003493,9.323494,10.183494
4.423494,6.7834935,6.0834937,5.403494,5.1434937,5.713494,6.213494,6.6334934,5.6134934,4.6834936,4.003494,3.7834938,4.173494,4.923494,2.9734936,4.403494,2.6734936,2.9634936,3.5034935,3.7034936,3.3134937,2.1834936,1.1734936,0.28349364,-0.86650634,-1.9765064,-2.9065063,-3.3165064,-4.4665065,-4.326506,-5.7765064,-6.1865063,-5.976506,-5.1965065,-5.286506,-4.1765065,-3.9365063,-5.3165064,-4.4865065,-4.2165065,-4.556506,-5.0865064,-5.4365063,-5.6465063,-4.8165064,-4.096506,-3.9865065,-1.6765064,1.6334937,0.81349367,1.6534936,3.1534936,8.073494,9.383493,10.113494,10.423493,10.413494
2.6434937,3.3334937,3.4434936,4.0534935,3.1334937,3.8534937,6.6134934,4.7034936,5.8934937,5.6234937,4.0634937,5.213494,5.3534937,4.963494,3.1534936,2.6234937,4.733494,2.0334938,3.4934936,3.7634935,3.6834936,2.5134935,1.6434937,0.69349366,-0.61650634,-1.6665063,-2.5265064,-3.2465065,-3.7065063,-4.1665063,-4.6765065,-4.8865066,-4.9465065,-5.1565065,-5.3165064,-5.4465065,-5.016506,-4.576506,-4.826506,-5.0465064,-4.286506,-5.7765064,-6.1165066,-4.6865063,-5.2365065,-3.6565063,-3.6665063,-2.1965063,-2.6965063,-1.0665064,4.7834935,7.9734936,8.893494,8.993494,9.163494,9.673493,9.5534935
2.5434937,2.2134936,4.653494,4.733494,5.4934936,3.5434937,4.0734935,3.7534935,3.2634935,3.9734936,3.9734936,4.4334936,4.0634937,4.1434937,4.4734936,4.9734936,3.5934937,3.7234936,2.1934936,2.5534937,4.233494,3.6434937,3.7234936,2.8534937,1.2134937,-1.1665063,-2.2665064,-2.9365063,-3.2265062,-3.5065064,-3.8465064,-4.2765064,-4.8965063,-6.0265064,-6.286506,-6.4065065,-6.0465064,-5.0265064,-3.9565063,-5.7565064,-5.346506,-6.8865066,-7.0065064,-7.0465064,-6.996506,-6.8665066,-6.996506,-4.0865064,-1.0365063,7.3034935,8.023494,7.1834936,4.8434935,8.223494,8.673493,8.883493,8.983494
2.6034937,3.2634935,1.1834936,4.2834935,2.1934936,1.7734936,1.6834936,1.0834937,2.7234936,4.3034935,3.6934936,3.7234936,4.3734937,4.2434936,4.6134934,3.4334936,2.5534937,3.6834936,4.8134937,3.9734936,4.1234937,3.8234937,2.5834937,1.5234936,1.0634936,-0.026506348,-1.4065063,-2.5565064,-2.9765062,-3.1765063,-3.5865064,-4.536506,-6.0065064,-7.2365065,-7.5865064,-7.4265065,-7.096506,-5.0265064,-6.056506,-6.8365064,-7.1565065,-7.996506,-7.5465064,-8.746507,-8.936506,-10.156507,-3.5665064,3.9134936,5.7834935,6.7034936,3.2634935,0.91349363,11.843493,10.783494,10.423493,9.653494,9.403494
1.4734937,2.8134937,2.8434937,2.3534937,3.3834937,1.9934937,2.6234937,1.7734936,1.5034937,1.5034937,1.9334936,1.8334937,2.9334936,2.8934937,2.8034937,1.4034936,5.1134934,6.7434936,7.2234936,1.5734936,3.3534937,1.9634937,1.1234937,1.5434936,0.70349365,-0.36650634,-1.9965063,-2.5465064,-3.0265064,-3.3565063,-3.9565063,-6.036506,-7.306506,-8.096506,-7.556506,-6.1165066,-6.346506,-7.4165063,-8.026506,-8.146506,-8.986506,-9.406507,-9.286507,-10.336506,-10.536507,-3.8065064,3.0634937,6.2434936,5.943494,2.7834938,-2.3665063,13.953494,13.753493,13.843493,11.643494,10.733494,9.813494
1.2434937,1.5534936,-0.14650635,0.023493653,0.66349363,1.6934936,1.8734937,0.32349366,-0.74650633,-0.85650635,1.2234937,5.253494,3.7234936,6.6634936,7.4134936,7.8034935,7.213494,8.413494,0.77349365,2.0134935,0.50349367,0.18349366,1.4334936,3.0534937,2.3834937,0.0034936524,-2.2265062,-3.9665062,-4.4265065,-4.306506,-4.8165064,-6.556506,-7.2065063,-7.5465064,-7.4465065,-7.6665063,-8.306506,-8.536507,-8.906507,-9.596506,-10.406507,-10.236506,-10.626507,-11.116507,-0.96650636,4.3134937,7.0734935,8.693494,6.3234935,2.5834937,-2.3865063,15.383493,13.533494,13.3034935,12.343493,10.743494,9.8034935
0.82349366,0.26349366,0.24349365,1.8334937,1.5234936,1.5534936,0.023493653,-1.6065063,-0.43650636,4.0634937,4.233494,7.3534937,5.3134937,5.0634937,8.5534935,9.223494,7.6234937,1.7034936,2.4434936,1.5334936,2.0034935,1.0034937,2.1334937,4.8234935,3.4234936,1.4234936,-1.3265064,-4.5465064,-5.286506,-4.8665066,-5.226506,-6.9165063,-7.9665065,-8.436506,-8.606506,-8.936506,-9.066506,-9.016506,-9.636506,-10.266506,-11.126507,-11.346506,-14.246507,5.9334936,6.5134935,7.1034937,7.1034937,7.673494,6.7634935,7.3734937,2.5434937,10.253493,12.683494,12.603494,11.453494,11.103494,9.953494
1.3834937,1.9134936,1.8834937,2.7134936,3.0634937,0.77349365,5.5534935,4.733494,-0.21650635,-0.35650635,1.6334937,6.903494,5.5634937,7.4734936,6.6134934,9.163494,2.8534937,4.233494,3.1034937,2.3234937,2.6334937,1.3634937,3.3634937,7.153494,4.6434937,1.2734936,-1.0865064,-2.7465065,-3.9465063,-5.4165063,-7.556506,-8.1965065,-9.116507,-9.206507,-9.4465065,-9.606506,-9.376507,-9.816506,-10.526506,-11.626507,-11.916507,-11.656507,-12.396506,6.8834934,7.2434936,7.2034936,6.153494,6.5634937,8.963493,7.713494,6.713494,5.7634935,10.863494,10.963493,10.833493,10.363494,10.093493
2.6234937,3.0834937,2.8834937,1.9634937,-3.1165063,4.713494,4.213494,5.2234936,4.4134936,2.3134937,4.0534935,5.5834937,8.333493,9.153494,6.2234936,8.783494,8.703494,5.5834937,3.7834938,1.7634937,0.6834937,0.31349364,0.51349366,5.773494,1.9534936,-0.43650636,-2.1565063,-4.1265063,-5.8365064,-8.106506,-8.826507,-9.166507,-9.846506,-9.736506,-10.186506,-10.636506,-10.4465065,-10.836506,-11.896506,-12.666507,-12.636506,-12.796506,3.8034937,7.733494,7.7934937,8.503493,7.9934936,7.983494,8.093493,7.0934935,4.5934935,4.8334937,10.143494,10.533494,10.933494,9.943494,9.403494
2.9534936,2.3634937,0.053493652,4.0834937,2.8734937,5.0434937,3.9034936,4.0934935,3.2234936,3.8134937,3.9234936,4.7234936,6.7934937,7.153494,2.3834937,3.2234936,6.3534937,5.2934937,4.0134935,2.7434936,1.2534937,0.20349365,0.6834937,0.20349365,-0.93650633,-2.6565063,-4.0265064,-4.9265065,-7.5265064,-9.076507,-9.586506,-10.546506,-10.256506,-10.816506,-10.816506,-10.966506,-10.806506,-11.336506,-13.106506,-14.476506,-11.466506,-4.8565063,2.8934937,11.923493,10.623493,9.603494,8.343493,8.323494,7.653494,5.6234937,4.2634935,7.1334934,8.593493,9.573494,9.743494,9.153494,9.293493
3.9034936,2.7934937,4.2934937,2.7634935,0.9834936,0.34349364,1.8034936,4.3734937,2.7534935,4.8534937,5.0934935,4.4134936,3.3534937,4.6634936,6.4934936,6.003494,5.3134937,4.3534937,3.5934937,1.9934937,-0.056506347,-0.60650635,-1.4065063,-2.2465065,-2.9065063,-4.036506,-5.2765064,-7.7365065,-8.866507,-9.426506,-9.996507,-10.586506,-10.976506,-10.926506,-10.346506,-10.646506,-10.606506,-11.236506,-11.906507,-12.926506,-3.5465064,-5.3565063,9.873493,12.423493,11.173493,8.873493,7.9534936,7.193494,6.0734935,5.0934935,3.2934937,7.3734937,7.8934937,7.7934937,8.433494,8.283494,8.743494
6.8334937,2.1434937,0.77349365,1.4734937,-1.4065063,0.20349365,4.0734935,10.743494,10.673493,4.233494,3.5534937,7.0834937,7.2034936,6.7234936,6.3034935,5.483494,4.233494,3.5634937,3.4534936,1.8234936,-0.0065063476,-1.4365064,-2.9965065,-4.076506,-4.5065064,-4.8665066,-6.5665064,-8.496507,-9.536507,-10.156507,-10.606506,-11.106506,-11.466506,-11.666507,-12.216506,-11.106506,-11.186506,-11.086506,-9.846506,-11.226506,-2.5865064,2.1034937,6.963494,9.583493,7.983494,7.503494,6.8134937,5.213494,5.4534936,2.0334938,5.673494,5.8734937,6.7234936,7.0934935,7.0734935,7.943494,6.8434935
2.6934936,3.2634935,0.8034937,-0.49650633,-1.3065064,3.3334937,6.4334936,9.493494,9.993494,8.893494,6.693494,6.6334934,6.6434937,5.8034935,5.0834937,4.773494,3.7434936,2.2234936,0.81349367,0.24349365,-0.99650633,-2.9565063,-4.096506,-5.0465064,-6.0665064,-6.5465064,-7.7165065,-9.006506,-9.916507,-10.636506,-10.306506,-11.636506,-11.386506,-10.776506,-11.426506,-9.556506,-7.1965065,-5.6765065,0.81349367,-6.306506,2.5734937,5.483494,5.0934935,6.3534937,5.6834936,5.0334935,4.693494,4.0534935,2.5934937,2.9134936,4.6134934,5.923494,6.0134935,6.7034936,7.0434937,5.9134936,5.7934937
5.943494,3.9034936,1.7234937,2.9334936,2.5134935,6.0534935,6.8534937,6.923494,9.633493,9.563494,9.813494,8.753493,7.5934935,8.113494,7.463494,5.523494,3.7034936,2.0034935,-0.07650635,-1.6565063,-2.5865064,-4.326506,-5.2365065,-6.4365063,-7.096506,-8.296506,-8.816506,-9.586506,-10.186506,-11.486506,-12.216506,-11.786507,-11.156507,-10.666507,-8.206507,-4.3365064,-2.1065063,-0.53650635,0.72349364,1.4434936,1.7734936,3.4934936,3.6134937,4.4934936,4.6634936,3.3934937,1.9334936,2.0834937,2.0934937,4.943494,4.6334934,5.2034936,6.2934937,6.253494,5.5134935,5.0734935,4.943494
4.9334936,5.7934937,5.693494,8.533494,8.463493,7.4934936,6.9734936,7.673494,6.903494,8.023494,9.373493,9.583493,8.723494,9.123493,7.523494,5.8334937,3.5134935,2.0034935,-0.12650634,-2.0165064,-3.3965063,-4.6065063,-5.8565063,-6.6465063,-7.8865066,-8.586506,-9.076507,-9.846506,-9.746507,-9.856506,-8.876507,-6.4865065,-5.8565063,-5.8565063,-4.346506,-2.8365064,-2.3365064,0.30349365,0.46349365,-0.68650633,0.34349364,2.1534936,1.0134937,2.1534936,0.8734937,-0.21650635,-0.34650636,1.1034937,5.0434937,4.0334935,3.3834937,5.3034935,5.8434935,5.0534935,4.5134935,4.8834934,4.4534936
5.6634936,9.613494,9.3034935,9.073494,8.943494,6.9534936,6.8034935,6.5834937,6.9534936,5.9134936,10.313494,10.283494,10.103494,8.933494,7.403494,4.943494,3.4834936,1.1434937,-0.06650635,-1.9165063,-3.2765064,-4.5465064,-6.3765063,-7.3365064,-8.386506,-8.986506,-9.406507,-9.036507,-9.826507,-8.216506,-7.3365064,-6.4265065,-4.476506,-4.326506,-4.1865063,-2.1065063,-1.9265064,-1.7665063,-0.17650634,0.69349366,-0.17650634,0.37349364,-0.12650634,-1.1465063,-2.0365064,-2.9465063,0.25349367,4.5134935,4.0634937,3.4134936,5.4134936,4.9334936,4.6834936,3.9034936,4.273494,3.2034936,3.1334937
12.353494,11.373493,9.523494,9.493494,8.383493,8.873493,9.363494,7.3834934,6.2934937,5.8434935,8.293493,12.923493,12.033494,9.843493,7.523494,4.733494,2.3634937,0.64349365,-0.78650635,-1.8165064,-3.5365064,-5.6165066,-7.3565063,-7.976506,-8.306506,-8.656507,-9.116507,-10.156507,-10.226506,-9.156507,-8.836506,-8.006506,-5.7965064,-5.6865063,-4.536506,-3.1865063,-2.3365064,-0.61650634,-1.3665063,-0.04650635,-1.8565063,-1.9465064,-2.3965063,-2.4765062,-3.7065063,1.3834937,2.9034936,2.4234936,3.6034937,5.693494,3.7934937,4.5434937,3.6234937,3.1334937,1.4934937,2.6434937,3.3834937
