windmap/data/test_1deg_1204deg.json
{"header": { "discipline":0, "disciplineName":"Meteorological products", "gribEdition":2, "gribLength":78921, "center":7, "centerName":"US National Weather Service - NCEP(WMC)", "subcenter":0, "refTime":"2024-04-12T00:00:00.000Z", "significanceOfRT":1, "significanceOfRTName":"Start of forecast", "productStatus":0, "productStatusName":"Operational products", "productType":1, "productTypeName":"Forecast products", "productDefinitionTemplate":0, "productDefinitionTemplateName":"Analysis/forecast at horizontal level/layer at a point in time", "parameterCategory":2, "parameterCategoryName":"Momentum", "parameterNumber":2, "parameterNumberName":"U-component_of_wind", "parameterUnit":"m.s-1", "genProcessType":2, "genProcessTypeName":"Forecast", "forecastTime":0, "surface1Type":103, "surface1TypeName":"Specified height level above ground", "surface1Value":10.0, "surface2Type":255, "surface2TypeName":"Missing", "surface2Value":0.0, "gridDefinitionTemplate":0, "gridDefinitionTemplateName":"Latitude_Longitude", "numberPoints":65160, "shape":6, "shapeName":"Earth spherical with radius of 6,371,229.0 m", "gridUnits":"degrees", "resolution":48, "winds":"true", "scanMode":0, "nx":360, "ny":181, "basicAngle":0, "lo1":0.0, "la1":90.0, "lo2":359.0, "la2":-90.0, "dx":1.0, "dy":1.0 }, "data":
[rows 130 to 155 of 181, columns 114 to 170 of 360]
1.7563623,1.6563623,2.2463622,2.5463624,2.2063622,2.4163623,3.1263623,4.2163625,4.536362,4.346362,4.8163624,5.4863625,5.846362,6.116362,6.6063623,6.6963625,6.516362,7.6463623,7.9163623,6.8963623,7.136362,6.596362,5.4063625,5.8563623,5.9163623,5.3163624,6.116362,6.6263623,6.2963624,5.5263624,3.7363622,6.806362,7.9163623,8.426362,5.016362,9.476362,10.136362,8.356362,4.4163623,3.0363624,4.536362,3.4663622,4.7063622,5.2563624,4.1763625,3.9163623,4.5863624,5.5063624,6.3763623,7.9263625,8.746363,10.506362,13.706363,14.466362,11.626362,7.8563623,6.4563622
3.1363623,2.3163624,2.8763623,3.9663622,4.726362,5.6063623,5.866362,6.476362,6.886362,7.4363623,7.996362,8.326363,8.246363,7.6863623,8.166363,8.046362,9.096362,8.516362,8.576363,9.1963625,8.506362,7.3563623,7.2563624,8.166363,7.536362,6.766362,6.2063622,7.2363625,7.9163623,7.286362,7.4163623,2.0763624,4.9663625,3.9763622,1.7763623,6.2963624,7.7363625,8.856362,4.6563625,4.306362,4.4563622,5.6763625,6.286362,5.7063622,5.6963625,4.9263625,5.0663624,5.9263625,6.2363625,7.8163624,8.556362,8.736362,10.9463625,8.346362,8.726362,2.7363622,0.9063623
5.056362,3.8563623,4.976362,5.9863625,5.8963623,6.1263623,5.616362,5.616362,6.976362,7.8563623,8.166363,8.646362,8.416363,8.106362,8.176362,9.4463625,9.766362,10.286363,10.416363,9.806362,9.956363,9.936362,8.996363,8.526362,8.736362,8.336362,7.9563622,8.596362,9.666363,9.156363,8.866363,8.056362,1.0763623,3.8763623,2.5463624,4.7563624,5.076362,7.6563625,8.336362,7.1463623,5.616362,5.636362,7.326362,7.2063622,6.976362,5.9563622,5.7063622,6.056362,5.5263624,7.4263625,7.286362,7.2763624,8.036363,8.1963625,-6.153638,-5.613638,-4.3536377
6.2763624,6.2963624,6.0063624,6.386362,6.7563624,6.7363625,6.6863623,7.1463623,7.226362,7.9363623,9.186362,10.006362,9.916363,9.126362,9.146362,9.986362,10.286363,10.436362,10.626362,10.506362,10.746363,10.256362,10.306362,9.776362,10.006362,11.506362,10.156363,9.816362,8.856362,8.966362,9.026362,9.496363,1.3463624,0.44636232,5.7763624,8.156363,7.7363625,8.6963625,9.636362,6.0263624,7.3963623,5.3963623,7.226362,7.8563623,7.9363623,7.136362,6.9363623,6.136362,5.6263623,4.9463625,6.2363625,3.1263623,1.3163623,-2.7736378,-16.523638,-14.533638,-11.763638
7.5263624,7.7963624,8.046362,7.9463625,8.436362,8.686362,8.686362,9.366363,9.276362,9.956363,10.136362,9.906363,10.316362,9.776362,9.886362,10.626362,10.756362,10.116363,10.856362,11.116363,10.816362,10.976362,11.216362,11.266362,11.226362,11.266362,11.736362,11.496363,10.876362,10.036363,9.826363,10.626362,11.076363,12.316362,13.756362,13.146362,10.606362,9.796362,8.166363,6.616362,8.656363,7.996362,8.646362,8.826363,7.846362,8.306362,7.4863625,5.8363624,5.846362,3.3163624,3.5663624,2.9963622,-0.3536377,-2.0936377,-1.7836376,-4.383638,-2.0836377
8.966362,9.256362,9.576363,9.876362,10.146362,10.496363,10.576363,10.866363,10.856362,10.826363,11.046362,10.226362,10.586362,11.106362,10.156363,10.466362,10.836362,11.036363,10.6963625,11.376362,11.186362,10.986362,11.546362,12.016362,12.406363,12.116363,12.146362,11.976362,12.246363,12.276362,11.716362,11.686362,12.626362,13.556362,13.376362,12.636362,11.066362,11.476362,11.036363,9.876362,9.986362,9.816362,9.586362,8.916363,9.126362,8.136362,7.4263625,5.7563624,6.5663624,2.4263623,1.3863623,0.41636232,-1.2136377,-3.0936377,-0.6136377,-1.9136376,-1.2236377
10.406363,10.746363,11.266362,11.606362,11.716362,11.416363,11.916363,11.9463625,12.006362,11.636362,11.346362,10.866363,10.926362,11.366363,11.476362,11.986362,11.636362,11.046362,10.756362,10.866363,11.116363,10.786363,10.926362,10.876362,12.1963625,13.126362,12.346362,12.246363,12.826363,12.186362,12.276362,12.316362,11.796362,12.476362,12.906363,13.036363,11.226362,12.016362,11.956363,11.756362,10.816362,10.626362,9.906363,8.676362,7.746362,6.8563623,7.136362,7.1063623,6.2363625,4.3163624,0.15636231,-3.6636376,-7.0436378,-2.7336378,-0.6736377,-1.0136377,0.0863623
11.506362,11.976362,12.456363,12.766362,13.286363,12.796362,12.296362,11.856362,11.546362,11.236362,10.926362,10.886362,10.746363,10.736362,10.866363,10.806362,10.466362,10.086362,10.386362,10.336362,10.316362,10.666363,9.876362,10.846362,10.546362,11.536363,11.896362,11.486362,12.056362,10.326363,12.386362,12.126362,11.706363,11.876362,11.936362,12.656363,11.666363,12.136362,10.976362,10.116363,11.436362,9.246363,9.426362,8.606362,8.366363,8.076363,8.156363,7.9663625,6.8363624,5.2763624,2.8463624,-0.9136377,-4.7636375,-4.903638,-2.9036376,-3.4436376,-3.0436378
11.566362,11.886362,12.536363,12.836362,12.556362,12.156363,12.136362,12.186362,11.606362,10.856362,10.486362,10.436362,10.026362,9.616363,9.186362,7.4863625,8.586362,8.936362,9.226362,8.616363,8.586362,8.726362,8.956363,9.176362,8.406363,8.686362,8.996363,10.056362,10.796362,11.066362,11.176362,12.256362,11.416363,12.166363,12.316362,12.406363,13.176362,12.556362,12.1963625,11.436362,10.066362,10.976362,9.886362,9.246363,8.776362,9.436362,8.636362,8.256362,6.2963624,6.2363625,6.326362,4.076362,1.5663623,-0.5936377,-1.3436377,-1.4436377,-1.9136376
10.816362,11.526362,12.036363,11.856362,11.526362,11.476362,11.506362,11.166363,10.726362,8.176362,9.186362,7.4463625,7.4063625,8.666363,8.516362,9.316362,9.416363,9.556362,8.766362,7.3363624,6.886362,8.616363,8.256362,7.9663625,9.1963625,9.476362,9.776362,9.316362,8.6963625,8.576363,10.416363,11.156363,11.146362,11.516362,11.256362,11.786363,12.496363,12.586362,12.176362,12.756362,12.436362,12.376362,11.346362,10.296362,10.086362,9.746363,9.986362,9.266362,8.336362,6.9663625,7.226362,7.4563622,6.6063623,4.3963623,2.9463623,1.6763623,0.8263623
9.636362,9.706363,10.176362,10.616363,10.646362,9.716362,9.616363,4.536362,5.056362,6.0863624,6.4463625,7.846362,8.366363,8.746363,9.016362,9.666363,10.606362,10.266362,9.736362,8.256362,8.1963625,8.426362,9.226362,8.556362,8.956363,9.286363,9.396362,9.556362,9.926362,10.266362,10.216362,9.096362,8.566362,9.4463625,11.436362,11.536363,11.336362,12.306362,14.216362,12.836362,13.936362,13.336362,12.806362,11.936362,11.316362,10.566362,10.386362,10.456363,9.486362,8.706363,7.366362,6.976362,8.546362,7.9263625,6.2363625,5.3163624,3.6663623
6.9563622,6.516362,5.3363624,4.5063624,5.0863624,5.116362,5.4463625,5.766362,6.476362,7.6663623,8.156363,8.466362,9.436362,9.326363,10.116363,10.666363,9.186362,8.966362,8.176362,8.406363,8.986362,8.866363,8.986362,8.726362,9.106362,9.766362,8.986362,9.6963625,10.626362,10.216362,10.726362,12.256362,11.766362,11.106362,12.546362,12.806362,12.986362,13.046362,12.716362,13.506362,13.526362,14.576363,13.546362,12.706363,11.436362,10.926362,10.326363,10.456363,10.396362,9.526362,9.096362,8.746363,8.616363,8.506362,8.066362,6.976362,6.4463625
5.3163624,4.8963623,5.6663623,6.116362,6.516362,7.2963624,6.806362,7.806362,8.076363,8.796362,9.666363,10.466362,10.496363,10.796362,10.976362,11.166363,10.736362,10.466362,11.306362,11.686362,11.876362,11.476362,11.246363,11.096362,11.106362,12.066362,11.996363,11.876362,10.956363,12.316362,12.436362,13.096362,14.266362,13.986362,13.316362,15.006362,13.616363,10.726362,14.316362,14.336362,14.256362,14.496363,14.806362,13.246363,13.896362,13.246363,11.326363,10.666363,10.566362,10.336362,9.956363,9.766362,9.686362,9.646362,9.016362,8.326363,7.1863623
6.4563622,7.636362,8.706363,8.556362,9.066362,9.116363,9.286363,9.936362,10.426362,10.846362,11.476362,11.726362,11.916363,12.606362,11.856362,12.246363,12.806362,12.346362,12.126362,12.996363,12.366363,12.076363,13.306362,12.976362,12.896362,14.296362,13.846362,13.926362,13.216362,14.026362,13.576363,13.116363,13.276362,14.386362,15.276362,15.746363,14.266362,14.4463625,13.996363,14.306362,11.756362,15.816362,15.426362,13.666363,13.356362,14.356362,12.986362,11.996363,11.306362,11.746363,11.056362,10.686362,10.346362,10.026362,9.956363,9.466362,9.036363
9.956363,10.396362,10.906363,10.976362,11.336362,11.876362,12.326363,12.476362,12.076363,12.366363,13.236362,13.966362,14.556362,15.316362,14.406363,13.816362,14.206363,15.156363,14.456363,13.976362,13.936362,13.4463625,13.766362,14.206363,14.956363,14.076363,14.6963625,14.626362,15.096362,15.236362,14.496363,14.156363,14.096362,15.526362,16.826363,15.776362,16.366362,16.186363,16.056362,16.026361,15.906363,14.106362,10.206363,15.766362,13.376362,14.1963625,14.416363,13.286363,11.826363,11.706363,11.806362,11.486362,11.246363,10.546362,10.636362,10.086362,10.016362
12.616363,12.466362,12.546362,13.036363,13.016362,13.396362,13.896362,13.776362,14.486362,14.966362,15.166363,15.486362,15.826363,16.176363,16.476362,16.666363,16.726362,16.906363,16.816362,15.796362,15.426362,15.376362,15.886362,15.556362,15.346362,15.336362,16.766363,16.706362,17.086363,15.566362,14.636362,15.016362,15.526362,15.006362,15.256362,16.196362,16.066362,16.616362,15.596362,14.896362,15.146362,14.406363,14.556362,13.506362,11.1963625,14.876362,15.376362,13.536363,12.996363,12.1963625,11.706363,12.266362,11.646362,11.076363,11.266362,10.796362,10.586362
14.956363,15.206363,15.206363,15.066362,15.346362,14.956363,14.476362,14.266362,15.026362,15.406363,15.226362,15.356362,15.456363,16.116362,17.496363,19.026361,18.866362,18.106361,17.866362,17.996363,17.646362,17.566362,17.016363,16.586363,16.776361,16.816362,16.136362,15.936362,14.036363,13.516362,14.506362,15.276362,15.666363,15.536363,14.956363,15.856362,16.066362,15.466362,15.286363,14.666363,14.836362,14.346362,13.966362,14.956363,14.716362,14.996363,12.776362,16.206362,14.806362,12.386362,13.166363,14.256362,11.766362,11.9463625,11.646362,10.506362,10.206363
16.656363,16.866362,17.096363,17.056362,16.596363,16.626362,16.596363,16.096363,15.776362,15.526362,16.046362,16.816362,17.156363,17.396362,18.516363,17.256363,16.626362,16.606361,19.456362,19.466362,18.296362,18.056362,17.476362,17.346363,16.176363,16.146362,16.636362,16.506363,14.976362,14.626362,15.396362,15.426362,15.076363,15.056362,15.246363,14.806362,15.016362,15.256362,15.596362,15.586362,15.976362,15.466362,15.836362,15.596362,15.806362,16.506363,15.016362,12.546362,17.486362,13.596362,14.066362,13.386362,15.126362,12.9463625,12.076363,11.1963625,10.086362
18.166363,18.496363,18.386362,18.696362,18.606361,18.636362,18.406363,18.286362,18.316362,17.526361,16.896362,17.256363,18.386362,18.006363,16.876362,15.736362,17.136362,17.226362,18.276361,14.026362,13.656363,15.776362,16.596363,16.266363,16.356361,14.426362,15.356362,15.556362,16.246363,16.186363,16.466362,16.086363,15.736362,15.436362,15.986362,15.566362,15.096362,15.346362,16.026361,16.346363,16.706362,16.346363,17.196362,16.896362,16.736362,17.056362,16.206362,14.796362,14.1963625,18.396362,13.626362,12.006362,12.876362,12.656363,10.816362,11.356362,10.336362
18.636362,19.306362,19.766363,20.266363,20.426363,20.516363,20.226362,19.796362,20.436363,19.676363,17.726362,17.536362,17.916363,17.116362,17.296362,17.796362,17.276361,16.936363,17.156363,17.006363,16.706362,16.526361,16.436363,15.506362,14.526362,14.336362,16.006363,16.286362,16.356361,16.386362,16.186363,14.6963625,16.306362,17.456362,16.496363,15.456363,15.616363,16.606361,17.166363,17.196362,17.226362,17.506363,17.676363,18.006363,18.666363,17.526361,16.016363,14.866363,13.986362,12.336362,13.876362,11.866363,10.396362,11.536363,11.736362,12.026362,10.1963625
15.616363,16.736362,16.526361,15.366363,18.676363,20.576363,21.456362,21.186363,22.156363,19.036362,11.936362,15.746363,16.606361,16.966362,16.916363,17.786362,16.656363,16.366362,15.596362,15.576363,16.596363,13.286363,11.496363,13.846362,13.396362,13.4463625,14.066362,14.646362,14.986362,16.106361,14.566362,13.756362,17.196362,16.736362,14.906363,15.776362,16.276361,18.136362,18.936363,19.246363,19.546362,20.156363,19.766363,20.076363,16.026361,14.856362,13.976362,13.206363,13.136362,14.686362,14.386362,11.9463625,8.766362,10.006362,10.396362,9.976362,8.606362
17.326363,17.456362,17.976362,17.826363,16.346363,16.046362,13.996363,10.606362,10.486362,12.566362,14.236362,16.056362,16.206362,15.4463625,15.306362,15.346362,14.206363,15.186362,14.276362,13.776362,13.566362,13.386362,13.4463625,12.206363,11.356362,13.046362,13.836362,12.916363,12.106362,11.756362,12.236362,12.926362,14.876362,15.9463625,17.336363,18.036362,18.796362,19.956362,21.846363,19.286362,18.256363,14.716362,13.346362,11.956363,11.886362,12.106362,13.086362,13.926362,14.136362,15.016362,14.716362,13.976362,8.986362,8.056362,7.5463624,6.136362,6.6463623
17.266363,17.386362,17.126362,17.196362,16.396362,14.766362,13.576363,13.216362,14.276362,13.666363,13.056362,13.186362,14.106362,14.546362,14.376362,13.606362,13.806362,12.096362,12.016362,12.046362,10.246363,8.736362,9.686362,11.006362,8.726362,9.856362,9.076363,10.416363,11.766362,12.376362,13.166363,13.816362,15.276362,14.826363,15.246363,18.446362,19.196362,14.136362,10.476362,10.746363,9.656363,8.726362,9.116363,11.376362,12.166363,13.626362,15.246363,14.456363,10.886362,9.126362,8.216362,5.4063625,3.6563623,2.6263623,2.0263624,2.9263623,5.0863624
13.536363,12.576363,11.706363,12.486362,11.686362,10.376362,10.746363,11.856362,11.816362,9.356362,8.476362,9.606362,9.656363,9.556362,10.296362,11.286363,11.856362,11.966362,11.666363,11.426362,-1.8736377,0.6963623,1.0063623,-0.2436377,6.2763624,6.6563625,8.996363,7.846362,4.0663624,4.806362,3.2663622,1.8463624,-1.0936377,2.2263622,0.7363623,-7.9536376,-6.383638,-4.903638,0.25636232,6.496362,6.826362,7.5463624,7.1863623,10.676362,1.2063622,-1.8636377,-0.3436377,1.2463623,3.0063622,3.2763624,4.976362,2.5163622,-1.3736377,-1.5336376,0.5463623,4.0863624,5.616362
7.8763623,6.0863624,4.9063625,5.496362,4.7763624,4.5463624,2.7663622,2.5963624,2.5663624,1.6063623,1.6963623,3.7263622,1.1463623,0.6263623,-0.6136377,1.5263623,9.876362,2.6263623,0.7763623,-3.4436376,-2.8936377,-0.3836377,-3.1936376,-5.8236375,-5.173638,-5.4136376,-5.1836376,-4.983638,-4.3936377,-3.8736377,-2.9936378,-3.2936378,-5.213638,-4.6036377,-4.3436375,-7.423638,-5.0736375,-6.963638,-7.773638,-8.283638,-11.203638,-6.963638,-4.883638,-4.0936375,-7.6036377,-7.273638,-9.063638,-8.833637,-9.503637,-8.673637,-5.2236376,-4.5736375,-0.08363769,1.3263623,1.1263623,0.8363623,1.1063623
0.7363623,-0.073637694,0.1163623,0.2463623,-0.9636377,-2.1836376,-1.8736377,-1.4536377,-1.3836377,-1.4436377,-1.2136377,-2.5036378,-1.4136376,-2.7336378,-3.2036376,-4.233638,-6.7436376,-8.263638,-8.193638,-7.3136377,-7.2636375,-5.6436377,-5.523638,-6.023638,-4.5636377,-4.5136375,-5.2636375,-4.2036376,-4.0636377,-2.8736377,-2.6236377,-2.8536377,-3.3436377,-3.1436377,-2.8336377,-3.2636378,-3.9536376,-3.4636376,-3.8436377,-4.7936378,-6.1836376,-7.693638,-9.903638,-10.073638,-9.693638,-9.103638,-9.193638,-10.073638,-11.503637,-12.583637,-12.563638,-12.403638,-12.373638,-12.103638,-11.263638,-10.153638,-9.883637
