windmap/data/test_1deg_1204deg.json
{"header": { "discipline":0, "disciplineName":"Meteorological products", "gribEdition":2, "gribLength":78870, "center":7, "centerName":"US National Weather Service - NCEP(WMC)", "subcenter":0, "refTime":"2024-04-12T00:00:00.000Z", "significanceOfRT":1, "significanceOfRTName":"Start of forecast", "productStatus":0, "productStatusName":"Operational products", "productType":1, "productTypeName":"Forecast products", "productDefinitionTemplate":0, "productDefinitionTemplateName":"Analysis/forecast at horizontal level/layer at a point in time", "parameterCategory":2, "parameterCategoryName":"Momentum", "parameterNumber":3, "parameterNumberName":"V-component_of_wind", "parameterUnit":"m.s-1", "genProcessType":2, "genProcessTypeName":"Forecast", "forecastTime":0, "surface1Type":103, "surface1TypeName":"Specified height level above ground", "surface1Value":10.0, "surface2Type":255, "surface2TypeName":"Missing", "surface2Value":0.0, "gridDefinitionTemplate":0, "gridDefinitionTemplateName":"Latitude_Longitude", "numberPoints":65160, "shape":6, "shapeName":"Earth spherical with radius of 6,371,229.0 m", "gridUnits":"degrees", "resolution":48, "winds":"true", "scanMode":0, "nx":360, "ny":181, "basicAngle":0, "lo1":0.0, "la1":90.0, "lo2":359.0, "la2":-90.0, "dx":1.0, "dy":1.0 }, "data":
[rows 130 to 155 of 181, columns 57 to 113 of 360]
-3.2765064,-0.6365063,-1.3765063,1.6334937,3.0034935,-9.606506,-13.396506,-13.766506,-14.166507,-14.376507,-13.396506,-12.526506,-11.106506,-10.516506,-9.9465065,-8.326507,-6.6465063,-4.596506,-2.9765062,-2.2465065,-0.18650635,0.07349365,0.6234937,0.91349363,1.2334937,1.4634937,1.4934937,2.1734936,3.1834936,2.7734938,2.1434937,2.0034935,-1.2765063,-5.8665066,-10.506506,-9.816506,-10.676506,-10.526506,-9.036507,-8.716506,-9.596506,-8.856506,-7.0265064,-7.1165066,-6.9665065,-6.5865064,-5.826506,-4.7965064,-4.346506,-3.0865064,-1.5465064,-0.31650636,0.58349365,1.3634937,1.1634936,1.3334937,1.8034936
-2.3365064,0.14349365,0.023493653,1.8234936,7.9134936,-11.406507,-13.086506,-14.636506,-14.576507,-13.676506,-12.296506,-11.566506,-10.626507,-9.616507,-8.816506,-7.1165066,-5.266506,-3.4665062,-2.1265063,-0.58650637,0.17349365,0.47349367,0.91349363,0.97349364,1.0134937,0.17349365,-0.38650635,0.27349365,0.013493652,0.85349363,1.0834937,1.9434936,0.47349367,-0.28650635,-7.496506,-10.396506,-10.436506,-12.106506,-11.276506,-10.006506,-10.316506,-10.556506,-9.336506,-7.9465065,-6.7065063,-6.9165063,-6.536506,-5.346506,-4.9565063,-3.8065064,-2.6965063,-1.3165064,0.023493653,0.85349363,1.4834937,1.9634937,1.8134936
-1.3665063,1.3034936,0.47349367,3.0134935,3.9534936,-13.806506,-14.926506,-15.466506,-15.096506,-13.896506,-12.556506,-11.786507,-10.4465065,-9.4465065,-7.9865065,-5.7165065,-3.1765063,-1.8765063,-0.07650635,1.0734936,1.7534937,2.5534937,2.3134937,2.1734936,0.71349365,0.30349365,-0.026506348,-0.92650634,-3.0965064,-3.1165063,-0.98650634,-1.2965064,-1.0565064,-2.0065064,-1.0665064,-4.9065065,-10.706507,-12.106506,-12.426506,-12.026506,-11.476506,-11.406507,-11.006506,-9.836506,-8.666507,-8.1965065,-7.8365064,-5.4865065,-5.036506,-3.8565063,-2.3765063,-1.2265064,-0.42650634,0.51349366,1.5234936,1.8834937,1.2734936
-0.036506347,2.4834936,3.2534935,4.653494,-13.456507,-16.176506,-15.606506,-15.396506,-14.4465065,-12.856506,-13.056506,-12.106506,-10.466506,-8.496507,-5.9465065,-2.9765062,-0.34650636,0.52349365,0.37349364,1.1534936,1.2134937,1.9434936,2.5534937,2.8834937,2.3234937,1.5534936,-0.38650635,-1.2365063,-2.0465064,-3.2865064,-4.516506,-2.7665064,-2.9565063,-1.9765064,-2.4065063,-2.0965064,-5.9165063,-11.396506,-12.576507,-12.646506,-12.496507,-12.286507,-11.996507,-11.606506,-10.746507,-8.556506,-7.6165066,-6.286506,-7.0665064,-6.056506,-4.6365066,-2.8965063,-2.2965064,-0.26650634,0.8734937,-0.13650635,0.31349364
-0.056506347,3.7134936,6.5634937,5.1234937,-16.736506,-16.796507,-15.606506,-15.316506,-13.736506,-12.256506,-11.036507,-10.856506,-9.236506,-5.9465065,-3.7265062,-1.6465063,-1.1365063,-0.016506348,0.96349365,1.8434937,2.3034937,3.6834936,2.9834936,2.0234938,2.0734937,-0.21650635,-0.80650634,-1.4265064,-2.2065063,-3.2665064,-2.7765064,-6.536506,-3.7865064,-4.0665064,-3.3965063,-3.4165063,-3.9865065,-7.6765065,-11.646506,-13.616507,-13.456507,-12.726506,-12.686506,-12.616507,-11.606506,-11.046506,-8.436506,-7.786506,-7.226506,-6.226506,-5.1165066,-3.4465063,-2.7665064,-2.0065064,-1.5965064,-1.0365063,-0.5665063
0.77349365,4.1634936,6.9934936,-14.036507,-16.026506,-15.986506,-15.056506,-13.416507,-11.586506,-9.036507,-6.2365065,-6.6565065,-6.8765063,-3.7565064,-2.3265064,-0.45650634,0.28349364,1.2734936,1.9734937,2.3234937,2.8934937,2.8934937,4.8634934,3.2234936,2.1034937,1.6034937,-1.2565063,-2.6365063,-3.9265063,-5.1565065,-6.1865063,-5.2965064,-5.6965065,-4.6165066,-5.1465063,-3.0165064,-3.5565064,-4.8365064,-9.286507,-11.986506,-13.256506,-13.116507,-12.646506,-12.716506,-12.486506,-11.086506,-11.246507,-8.426506,-6.8565063,-6.9565063,-5.9265065,-4.476506,-3.5365064,-2.8265064,-2.2465065,-1.7865063,-1.4965063
-0.72650635,2.8634937,9.583493,-13.066506,-13.786507,-13.386506,-11.916507,-10.366507,-8.886506,-8.276506,-7.346506,-7.2065063,-4.286506,-2.5365064,-1.2365063,0.6834937,1.8134936,2.2934937,3.0534937,2.8534937,3.5034935,3.7734938,3.2434936,3.2034936,2.1234937,0.58349365,-0.036506347,-2.4965065,-4.2765064,-5.2965064,-6.4065065,-7.8365064,-7.8565063,-7.1165066,-6.9865065,-5.0665064,-4.6065063,-3.3165064,-6.3165064,-10.476506,-12.246507,-13.486506,-13.726506,-12.816506,-12.386506,-12.026506,-11.036507,-10.026506,-8.226506,-7.246506,-6.2365065,-5.306506,-4.2365065,-3.4765062,-2.8565063,-2.6465063,-2.2565064
-1.7865063,4.9534936,-11.386506,-12.076507,-10.746507,-9.926506,-9.426506,-8.826507,-8.206507,-8.356506,-6.1265063,-3.6965063,-2.3165064,-1.8265064,-0.07650635,1.6334937,0.8034937,1.5834937,2.6234937,2.5734937,3.5934937,3.4134936,3.9634936,3.9634936,2.1134937,0.9834936,-0.48650634,-0.98650634,-2.9865065,-5.326506,-6.7165065,-8.326507,-9.586506,-8.616507,-8.036507,-7.4165063,-6.6565065,-5.3665066,-4.1865063,-8.386506,-11.256506,-13.046506,-13.746507,-13.316506,-12.526506,-11.986506,-10.916507,-9.576507,-9.246507,-7.4865065,-6.2765064,-5.4165063,-4.5065064,-3.7165062,-3.2065063,-2.6465063,-2.3265064
-0.7065064,-12.626507,-10.676506,-9.396506,-9.166507,-8.516506,-8.396506,-9.766506,-6.8865066,-4.6865063,-3.3965063,-3.7265062,-3.0665064,1.0934937,1.0434936,1.3934937,2.9634936,1.7934936,3.8434937,5.0134935,6.193494,7.0934935,8.853494,6.3634934,5.2934937,2.6034937,-2.8465064,-5.8165064,-6.6365066,-7.5265064,-7.496506,-9.096506,-10.806506,-10.686506,-9.896506,-8.626507,-7.3565063,-6.8765063,-4.7765064,-6.6665063,-10.266506,-12.536507,-13.516506,-13.486506,-12.836506,-11.796506,-11.216506,-9.646506,-8.226506,-7.1365066,-6.1165066,-5.4265065,-4.8365064,-4.2565064,-2.7965064,-2.0365064,-1.1565063
-13.526506,-11.306506,-10.006506,-9.766506,-8.746507,-8.826507,-8.566506,-7.056506,-6.016506,-3.9165063,-3.1965063,-3.3665063,-1.1065063,-0.86650634,-0.23650634,1.5734936,1.4534936,2.7134936,4.3934937,6.8134937,9.583493,9.933494,10.203494,10.023494,9.933494,9.183494,5.8334937,-0.31650636,-6.8765063,-12.206507,-11.336506,-11.376507,-11.556506,-11.206507,-11.506506,-10.306506,-8.176506,-6.8165064,-6.6165066,-5.7765064,-8.796506,-11.596506,-13.206507,-12.816506,-12.256506,-11.706507,-10.406507,-9.646506,-8.316506,-6.9165063,-5.9365063,-4.746506,-3.6965063,-2.8665063,-2.1165063,-1.9865063,-0.91650635
-10.276506,-8.596506,-8.206507,-8.856506,-10.056506,-8.186506,-8.026506,-7.5465064,-4.556506,-3.9965065,-2.4365063,-2.1165063,-1.4065063,-1.9265064,-0.09650635,1.3634937,3.7234936,4.7234936,6.193494,7.963494,8.793493,11.183494,12.543493,13.103494,14.0534935,14.723494,14.063494,4.2034936,-3.8565063,-10.796506,-16.246506,-14.326507,-12.896506,-11.516506,-11.706507,-9.886506,-7.8865066,-6.726506,-7.4065065,-6.6065063,-9.366507,-12.386506,-13.356506,-13.116507,-12.516506,-11.866507,-10.976506,-9.226506,-7.5465064,-6.0065064,-5.5065064,-4.6165066,-4.226506,-3.3365064,-1.9965063,-0.93650633,0.17349365
-7.1665063,-7.806506,-9.436506,-9.046506,-8.176506,-7.3865066,-6.7765064,-6.8865066,-6.4065065,-4.846506,-3.5465064,-2.9665062,-1.2665063,-0.80650634,0.76349366,2.4934936,4.1434937,5.273494,6.6134934,8.3034935,9.923493,10.943494,12.523494,14.773494,16.493494,17.383493,16.923494,15.133493,3.7334936,-2.2465065,-15.6965065,-15.816506,-13.176506,-11.496507,-11.156507,-9.126507,-7.1065063,-6.8765063,-7.266506,-6.9865065,-9.536507,-12.366507,-13.516506,-13.226506,-11.856506,-10.026506,-8.906507,-7.496506,-7.2765064,-6.6065063,-5.496506,-3.5365064,-2.6565063,-2.2065063,-1.1865064,-0.60650635,0.35349366
-7.7565064,-7.846506,-7.2765064,-6.826506,-6.1065063,-5.9065065,-5.536506,-5.4065065,-5.7165065,-5.036506,-4.476506,-3.7365065,-2.2665064,-0.92650634,0.32349366,2.6734936,5.023494,5.653494,6.8934937,8.453494,9.753493,11.093493,12.353494,14.213493,16.283493,18.193493,19.403494,18.863493,7.523494,-1.4465064,-9.826507,-11.976506,-11.806506,-10.036507,-9.706507,-7.516506,-7.5065064,-6.1065063,-6.4565063,-7.786506,-10.916507,-12.606506,-12.976506,-13.246507,-11.086506,-9.376507,-8.876507,-8.436506,-7.3365064,-5.4365063,-4.4865065,-4.1465063,-2.5565064,-1.3565063,-1.0265063,-0.85650635,0.15349366
-6.286506,-5.8665066,-5.556506,-5.036506,-4.976506,-4.4165063,-4.1765065,-3.8065064,-3.5565064,-3.4965065,-3.0765064,-2.0265064,-0.97650635,0.053493652,1.6234937,3.2034936,5.773494,6.0634937,7.4334936,8.823494,9.903494,10.323494,11.473494,12.873493,15.023494,17.053493,19.243494,18.223494,16.643494,4.963494,-4.3165064,-6.9465065,-8.426506,-8.976506,-8.986506,-5.8565063,-6.0065064,-5.536506,-8.046506,-9.336506,-11.236506,-11.706507,-12.106506,-10.396506,-8.746507,-8.306506,-6.6065063,-6.4365063,-6.1365066,-4.576506,-4.1965065,-2.3965063,-1.7065064,-1.0165063,-0.13650635,0.04349365,0.023493653
-5.9165063,-5.9165063,-5.6165066,-6.1565065,-6.976506,-6.2565064,-5.096506,-4.1565065,-4.2165065,-4.2365065,-3.4865065,-2.7565064,-1.4165063,0.023493653,1.1334937,2.2934937,3.6934936,4.7434936,6.003494,6.943494,8.463493,9.343493,10.633493,11.963493,13.143494,14.063494,15.203494,16.093494,16.173494,14.813494,11.693494,9.443494,2.1134937,-2.2365065,-3.0565064,-4.1965065,-4.266506,-2.8965063,-3.8965063,-3.4965065,-5.0065064,-7.0865064,-5.976506,-4.726506,-5.2065063,-5.1865063,-4.8665066,-3.7165062,-3.4565063,-2.5465064,-1.5865064,-1.5365063,-0.84650636,-0.66650635,-1.2665063,-0.19650635,0.69349366
-6.1365066,-6.036506,-5.9865065,-6.2965064,-5.8665066,-5.0865064,-4.536506,-4.6165066,-4.036506,-3.4265063,-2.5765064,-1.5665064,-0.96650636,0.023493653,1.3534937,2.7534935,3.9334936,5.1634936,5.8334937,6.963494,7.6634936,8.213493,8.823494,10.123493,10.013494,11.003493,11.523494,12.123493,12.133493,11.333493,10.603494,10.563494,10.043493,8.713493,7.7234936,8.543493,5.2034936,2.7634935,1.6034937,1.9934937,1.0734936,-0.35650635,-1.0865064,-3.0465064,-3.2265062,-3.3965063,-3.5065064,-3.0865064,-2.6065063,-2.1365063,-1.1265063,-1.2465063,-1.5865064,-0.78650635,0.18349366,0.16349365,0.8734937
-5.1465063,-5.1065063,-4.846506,-4.4665065,-4.4565063,-4.4165063,-4.4165063,-4.346506,-3.6665063,-2.9365063,-2.5765064,-1.8065064,-0.37650636,1.1134937,2.2634935,3.1234937,3.3834937,4.1034937,5.3034935,6.6634936,6.153494,6.403494,7.4334936,8.773494,10.583493,10.903494,9.953494,10.333493,9.513494,9.133493,9.153494,9.003493,7.213494,6.4934936,5.1834936,3.7934937,2.3334937,1.9834937,1.6434937,0.6734936,0.43349364,-0.016506348,-1.1265063,-2.0065064,-2.1665063,-2.0065064,-1.3665063,-1.3765063,-1.5665064,-1.7865063,-1.3565063,-0.41650635,0.0034936524,0.59349364,0.71349365,0.60349363,-0.056506347
-5.7765064,-5.076506,-5.286506,-4.9865065,-4.746506,-4.726506,-4.3365064,-4.096506,-3.1565063,-2.5165064,-2.2965064,-2.4265063,-0.13650635,0.9234936,2.1934936,2.9134936,3.4034936,3.6234937,4.3134937,5.693494,6.0534935,6.7234936,6.8434935,6.153494,6.8034935,7.3634934,8.353494,9.383493,9.493494,9.083493,7.903494,6.6134934,6.6134934,5.9134936,5.693494,5.5334935,5.273494,4.4134936,3.2034936,2.9234936,2.3134937,1.2734936,0.6734936,0.6134937,0.48349366,0.32349366,0.64349365,0.97349364,1.4934937,1.9234936,1.8634937,1.7234937,1.2234937,0.6134937,0.40349364,0.69349366,0.94349366
-6.9065065,-6.0065064,-5.6665063,-5.2065063,-5.1365066,-5.0265064,-4.806506,-4.0665064,-3.3665063,-2.7165062,-1.6565063,-1.0365063,-0.06650635,0.66349363,0.82349366,1.1934936,1.9434936,3.9134936,4.483494,5.3734937,5.3134937,5.3034935,5.2934937,6.4934936,7.1134934,7.8034935,7.3534937,6.7834935,6.193494,6.483494,6.023494,5.903494,5.3634934,5.5334935,5.3334937,4.963494,4.4334936,4.1034937,4.2234936,4.1334934,2.9934936,2.7134936,2.8334937,2.5834937,1.9834937,1.5034937,1.1134937,1.7234937,1.3734937,1.0334936,1.6034937,2.0834937,2.6234937,1.9734937,1.7734936,1.1234937,0.6734936
-7.056506,-6.846506,-6.6265063,-6.4165063,-5.8565063,-5.306506,-4.8165064,-4.0865064,-3.1665063,-2.7165062,-2.0665064,-1.7365063,-0.7065064,-0.23650634,0.37349364,0.9934937,1.4734937,2.2134936,2.0934937,3.6834936,5.1234937,4.9534936,3.9334936,5.1634936,5.1434937,5.233494,5.1434937,5.0534935,5.7234936,5.983494,6.233494,6.3534937,5.8334937,6.023494,5.983494,5.943494,5.8534937,5.3734937,5.193494,5.0834937,4.9134936,4.1234937,3.0734937,2.7734938,2.7634935,3.6334937,3.8834937,4.153494,4.253494,4.2234936,4.213494,4.3634934,4.8634934,4.8234935,5.0134935,4.3434935,3.4734936
-7.3365064,-7.1765065,-7.1665063,-6.976506,-6.6565065,-6.1665063,-5.6565065,-4.9265065,-4.1865063,-3.4065063,-2.4265063,-1.7165064,-1.3165064,-0.97650635,-0.21650635,0.20349365,0.5434936,1.0634936,1.1034937,2.0934937,2.7934937,2.6534936,2.0734937,1.8634937,2.7534935,2.9234936,2.8434937,4.1134934,4.6234937,5.0834937,5.7034936,6.0834937,5.923494,6.173494,6.1634936,6.3734937,6.2934937,6.6034937,6.7934937,6.5134935,6.9334936,6.7034936,5.8434935,5.5334935,5.5334935,5.3534937,5.9334936,5.923494,4.9934936,5.0334935,4.7034936,4.6634936,4.733494,4.8634934,5.1234937,4.6634936,4.713494
-7.806506,-7.3965063,-6.726506,-6.9065065,-7.1065063,-7.1165066,-6.7365065,-5.8365064,-5.1365066,-4.576506,-3.7065063,-2.8565063,-2.0865064,-1.2265064,-0.29650635,0.033493653,0.38349366,0.69349366,0.49349365,0.83349365,1.5934937,1.2834936,1.3234936,1.1934936,1.0534936,1.1034937,1.3734937,1.9934937,2.2434936,2.4934936,2.8734937,3.3634937,4.1834936,5.3534937,5.983494,5.8534937,5.8034935,5.2234936,5.9934936,4.6834936,6.1234937,6.233494,6.4934936,5.8634934,5.5434937,5.8034935,6.2434936,5.9734936,5.7234936,5.3334937,5.443494,5.2834935,6.2034936,7.6034937,7.7034936,7.4534936,7.483494
-6.2565064,-7.266506,-8.366507,-8.676506,-7.746506,-6.826506,-6.3865066,-6.0865064,-5.746506,-4.976506,-3.7765064,-3.3765063,-2.5765064,-2.3165064,-1.6965064,-0.92650634,-0.73650634,-0.54650635,0.013493652,0.82349366,0.48349366,0.37349364,0.6234937,0.8634937,0.81349367,0.91349363,1.5934937,0.50349367,0.96349365,2.8534937,4.6134934,5.4134936,5.4934936,5.8634934,6.3434935,6.6234937,6.6134934,6.5634937,6.3234935,6.3534937,6.233494,6.173494,6.2934937,6.2434936,6.4534936,6.4334936,7.003494,6.9734936,6.3434935,7.0834937,7.8134937,8.673493,8.093493,7.6634936,7.8834934,7.6334934,7.6034937
-3.8365064,-4.9665065,-6.016506,-6.496506,-7.3865066,-7.076506,-6.2165065,-5.3165064,-4.476506,-3.6065063,-3.2665064,-2.8365064,-2.4465063,-1.9965063,-1.8765063,-1.5265063,-0.6365063,-0.32650635,-0.12650634,0.0034936524,0.17349365,0.36349365,0.24349365,0.8634937,1.6134937,3.0034935,4.3634934,4.733494,5.1234937,5.193494,5.4534936,5.733494,6.1434937,6.5134935,6.693494,6.6234937,6.5834937,6.753494,7.0734935,7.3034935,7.463494,7.7034936,7.2934937,7.4934936,7.8734937,8.333493,7.4934936,7.3934937,7.5634937,7.2034936,7.0634937,8.493494,8.463493,7.7834935,7.1134934,7.2034936,7.3234935
-2.3665063,-2.5665064,-2.5865064,-2.7065063,-2.6765063,-1.9865063,-1.6765064,-1.7665063,-1.7565063,-1.4665064,-0.91650635,-0.53650635,0.11349365,1.3334937,3.4134936,3.9834936,3.4834936,3.4334936,3.5334938,4.213494,4.3634934,4.483494,4.3234935,4.253494,4.5434937,5.023494,5.403494,5.8134937,6.3334937,6.4134936,6.523494,6.6434937,6.8034935,6.9934936,7.1634936,7.0734935,6.983494,6.733494,7.0634937,6.7434936,5.4334936,4.4734936,3.8134937,3.8934937,2.9334936,3.0834937,3.4634936,3.0734937,2.7134936,3.8734937,4.423494,4.003494,3.8534937,3.8834937,5.233494,3.5334938,4.8534937
4.5434937,3.9434936,3.5034935,3.5934937,3.6734936,3.8234937,4.1334934,4.1234937,4.273494,3.7534935,4.2634935,4.1434937,4.503494,4.3734937,4.983494,5.273494,5.4334936,5.4534936,5.253494,5.7434936,5.713494,5.9334936,5.903494,5.5334935,4.653494,4.173494,3.8134937,3.9434936,3.3134937,2.9734936,3.3934937,3.3034937,3.2834938,3.2634935,3.2234936,3.3234937,3.2034936,2.9534936,3.2134936,3.1634936,3.0534937,3.4234936,3.7034936,2.7734938,2.0334938,1.6134937,1.5434936,2.4834936,2.4734936,1.5434936,0.6234937,1.6934936,2.1434937,3.0234938,3.0234938,3.3834937,2.9234936
