Particles/windmap/data/test.json
{"header": { "discipline":0, "disciplineName":"Meteorological products", "gribEdition":2, "gribLength":78426, "center":7, "centerName":"US National Weather Service - NCEP(WMC)", "subcenter":0, "refTime":"2024-04-10T00:00:00.000Z", "significanceOfRT":1, "significanceOfRTName":"Start of forecast", "productStatus":0, "productStatusName":"Operational products", "productType":1, "productTypeName":"Forecast products", "productDefinitionTemplate":0, "productDefinitionTemplateName":"Analysis/forecast at horizontal level/layer at a point in time", "parameterCategory":2, "parameterCategoryName":"Momentum", "parameterNumber":2, "parameterNumberName":"U-component_of_wind", "parameterUnit":"m.s-1", "genProcessType":2, "genProcessTypeName":"Forecast", "forecastTime":0, "surface1Type":103, "surface1TypeName":"Specified height level above ground", "surface1Value":10.0, "surface2Type":255, "surface2TypeName":"Missing", "surface2Value":0.0, "gridDefinitionTemplate":0, "gridDefinitionTemplateName":"Latitude_Longitude", "numberPoints":65160, "shape":6, "shapeName":"Earth spherical with radius of 6,371,229.0 m", "gridUnits":"degrees", "resolution":48, "winds":"true", "scanMode":0, "nx":360, "ny":181, "basicAngle":0, "lo1":0.0, "la1":90.0, "lo2":359.0, "la2":-90.0, "dx":1.0, "dy":1.0 }, "data":
[rows 50 to 74 of 181, columns 114 to 170 of 360]
0.54063845,1.7006384,0.8206384,0.9506384,1.4306384,1.9906384,3.7106385,2.0706384,-2.0393615,-0.8593616,-1.1593616,-1.4193616,-0.21936157,0.98063844,0.09063843,2.9806385,1.2306384,1.5806384,1.5306385,0.91063845,1.5106385,3.4606385,5.3206387,7.1806383,7.5906386,7.260638,4.800638,3.3006384,1.6806384,7.3406386,4.9206386,4.4406385,3.9806385,5.3606386,6.0206385,6.050638,6.1606383,6.8806386,6.8306384,7.9406385,9.670638,3.4206383,2.7106385,2.5206385,2.4706385,3.8106384,3.3306384,3.1406384,2.5406384,2.0306385,2.4906385,1.8306384,2.5806384,-0.12936157,-2.5293615,-5.2493615,-5.7593617
-1.0393616,1.0506384,-0.48936158,0.7006384,1.9206384,3.1006384,3.2506385,0.97063845,0.73063844,-0.019361572,-0.6893616,-0.2693616,-1.8393615,0.97063845,0.5106384,-0.96936154,-0.6093616,-0.43936157,0.050638426,0.8306384,1.9206384,2.7706385,2.9906385,3.0006385,3.1306384,3.4506385,3.5706384,2.4306383,1.4206384,2.1806383,3.1406384,1.2706385,2.4206383,2.9406385,3.8006384,3.9906385,5.1906385,6.2106385,6.280638,5.510638,5.3806386,3.6806383,2.8106384,2.5406384,1.9406384,3.3106384,2.2506385,2.0206385,2.1706383,2.1706383,1.9706384,2.0106385,0.9406384,0.8406384,-2.2193615,-5.0693617,-6.6193614
-0.58936155,-1.1793616,-1.2593616,-0.83936155,0.55063844,0.49063843,2.0306385,0.21063843,-0.38936156,-0.6093616,0.29063842,-1.5393616,-0.059361573,0.14063843,0.80063844,-2.8193617,-1.7593616,-2.0393615,-1.3093616,-1.6493616,-1.2493615,-1.2693616,-2.3993616,-2.5293615,-1.1593616,-0.15936157,2.2406385,2.5206385,4.1606383,1.0606384,1.6506385,2.6406384,4.0606384,4.1306386,5.0806384,3.8006384,4.6306386,4.2506385,4.1106386,5.3806386,2.8606384,3.1806383,2.2206385,2.7206385,2.3306384,1.7706385,1.0906384,1.8906385,1.6506385,1.5406384,1.4306384,0.7506384,0.36063844,0.29063842,-2.6693616,-4.6393614,-6.3993616
-0.87936157,1.4906384,0.43063843,-0.7293616,-0.83936155,-0.20936157,-0.38936156,-0.25936157,1.7306384,0.60063845,0.5906384,1.0406384,0.5606384,-0.2993616,-0.57936156,1.5906384,-1.0693616,-2.1393616,-3.6693616,-3.8793616,-3.5093615,-3.5893617,-4.989362,-3.8093615,-0.95936155,0.8906384,-0.6693616,-1.8193616,-1.6493616,-1.1393616,-0.12936157,1.1706384,2.2106385,3.9806385,3.7006385,4.4606385,2.3806384,3.3906384,6.4606385,3.9006383,3.4506385,2.1506383,2.2406385,2.0206385,2.2806385,0.74063843,0.66063845,1.6806384,1.2206384,0.6406384,-0.07936157,0.21063843,-0.6893616,-1.7893616,-3.0893617,-5.219362,-7.4093614
0.86063844,0.24063843,-1.2593616,-0.69936156,-0.069361575,1.9106385,-0.7993616,1.7506385,-0.20936157,0.09063843,-0.18936157,-0.2693616,-1.6493616,-0.2993616,-1.0993615,-0.27936158,-1.9393616,-4.0393615,-5.6293616,-6.1493616,-5.2793617,-3.3793616,-2.1693616,-1.1093615,0.19063842,-1.1093615,-1.8493615,-5.5793614,-4.0093617,-3.5093615,-1.8293616,-1.4693615,0.46063843,1.2006384,1.3606384,1.8506384,2.5106385,5.1006384,3.4106383,2.8006384,2.4106383,2.0306385,0.7506384,1.4406384,1.1606385,0.050638426,0.28063843,-0.18936157,-0.029361572,-0.33936158,-0.82936156,-1.0593616,-2.4393616,-3.0193615,-4.6293616,-6.8393617,-6.8093615
-0.09936157,-1.2593616,-2.2093616,-2.7993615,-1.2493615,-1.0093616,-2.7593615,-0.51936156,-1.1993616,-0.96936154,-1.6093615,-2.4193616,-4.7793617,-1.9593616,-1.1693616,-3.9393616,-4.7493615,-5.5993614,-4.8793616,-0.7493616,-0.58936155,-1.3993616,-0.46936157,1.7106384,1.2306384,-3.9393616,-4.8893614,-7.6193614,-5.1293616,-6.7093616,-4.3493614,-2.7693615,-2.1693616,-2.6893616,-0.87936157,-0.07936157,5.9406385,2.3906384,2.6906385,1.9106385,1.3006384,0.8306384,0.6406384,-0.029361572,-0.44936156,-1.0093616,-0.8693616,-0.70936155,-1.2293615,-1.7993616,-1.9093616,-2.7393615,-3.9393616,-3.8693616,-5.4293613,-7.6293616,-8.319362
-0.6593616,-2.2893615,-2.9493616,-2.8293617,-3.4893615,-3.0493615,-2.1693616,-3.0193615,-3.0393615,-1.9593616,-1.1193615,-3.0693617,-7.2993617,-7.1893616,-7.0393615,-6.4293613,-7.3793616,-1.2293615,-1.8193616,-4.489362,-1.7393615,-1.3693615,-1.4993615,-2.2993615,-10.539362,-10.239362,-9.389361,-7.5893617,-6.4993615,-4.6693616,-5.2793617,-5.8293614,-4.2493615,-2.7593615,-3.6493616,2.2306385,2.5106385,1.8206384,1.7506385,1.1206384,0.4506384,0.5806384,-0.27936158,-0.7393616,-1.6293616,-1.7693616,-2.4193616,-2.4893615,-2.6493616,-3.1093616,-3.2893615,-3.7193615,-4.2693615,-4.0793614,-5.5193615,-8.659362,-8.439362
0.110638425,-2.0293615,-2.8793616,-3.0893617,-3.8693616,-4.4293613,-3.4893615,-4.5693617,-4.4193616,-3.5993617,-3.7693615,-5.2893615,-8.389361,-7.1393614,-7.719362,-7.4593616,-1.2793616,-1.5893615,2.1806383,-0.7393616,-4.1293616,-3.2193615,-8.469361,-6.1393614,-11.959362,-11.579362,-10.749362,-8.509361,-7.2793617,-5.469362,-6.3193617,-7.5193615,-5.0993614,-4.8093615,3.7706385,3.1906385,2.5006385,1.4006385,1.4706384,0.46063843,-0.21936157,-0.2693616,-0.58936155,-0.63936156,-1.9993615,-1.3293616,-3.5793617,-3.9993615,-3.3993616,-4.0193615,-4.7293615,-4.9093614,-4.8293614,-4.7693615,-5.8693614,-8.949362,-9.649362
-0.71936154,0.26063842,-1.3893616,-3.7593615,-4.7693615,-4.5793614,-4.2593617,-4.3493614,-5.0793614,-5.0493617,-5.2693615,-5.3393617,-6.9993615,-8.119362,-7.0393615,-5.739362,-4.2493615,-1.1693616,-3.1293616,-5.0793614,-8.929361,-6.2493615,-7.4293613,-7.5093617,-11.869362,-11.559361,-11.0193615,-8.789362,-6.8293614,-7.0693617,-7.449362,-6.7293615,5.0806384,6.6706386,3.3806384,1.9006385,1.6006384,1.2606385,0.16063842,0.22063842,0.110638425,-0.7493616,-1.3993616,-1.0293616,-1.3093616,-0.12936157,-4.3593616,-3.5293615,-3.4393616,-5.5793614,-6.5693617,-6.2093616,-4.5193615,-4.8793616,-6.5993614,-6.3493614,-8.549361
-2.1193616,0.13063842,-0.62936157,-0.39936158,-1.5893615,-3.7593615,-2.8393617,-4.0193615,-5.0393615,-4.9993615,-5.969362,-5.8193617,-6.8693614,-7.2493615,-6.5493617,-4.3593616,-3.7693615,-8.719361,-3.4093616,-7.4293613,-6.8193617,-7.8193617,-6.989362,-8.209362,-12.029362,-11.999362,-11.579362,-10.089361,-7.8793616,-8.339361,-4.5693617,6.010638,6.0606384,4.4906383,2.5406384,0.7506384,0.20063843,-0.109361574,-0.77936155,-1.3393615,-1.1693616,-2.7493615,-2.8193617,-3.2293615,-1.8493615,-2.2793615,-3.3193617,-4.1693616,-4.5393615,-5.6093616,-6.2793617,-7.4093614,-5.3393617,-5.5693617,-6.6393614,-6.5293617,-5.1093616
-0.31936157,-1.0893615,-2.4993615,-0.51936156,-1.0893615,-1.3193616,-0.94936156,-1.2893616,-2.5693617,-5.1793613,-5.7293615,-6.5393615,-6.5293617,-7.4393616,-5.7593617,-6.6793613,-4.5393615,-7.7893615,-7.239362,-7.9993615,-6.4993615,-5.6393614,-6.2993617,-4.0693617,-5.0093617,-6.949362,-5.489362,-7.6193614,-4.1093616,-1.0093616,5.1306386,3.0006385,4.6906385,2.2606385,1.4406384,-0.19936158,0.7106384,-0.9293616,-1.4693615,-1.8393615,-1.1893616,-1.6293616,-2.6593616,-4.1493616,-3.4193616,-3.4693615,-4.3993616,-5.2593617,-4.1493616,-5.6193614,-6.8993616,-7.3493614,-6.2093616,-4.3293614,-4.3893614,-5.3893614,-4.1393614
-1.0193616,-0.95936155,-1.4993615,-1.5293616,-1.7593616,-2.4493616,-1.2693616,-1.1193615,-2.4793615,-5.1893616,-5.6293616,-6.1293616,-7.0493617,-6.989362,-6.4793615,-8.929361,-8.699362,-8.319362,-8.599361,-8.199362,-7.3293614,-6.3293614,-5.5393615,-4.1393614,-3.4393616,-3.3793616,-3.1993616,-2.1593616,-1.2093616,2.8506384,2.2106385,3.6106384,2.1406384,0.9006384,1.4906384,0.17063843,0.53063846,-0.44936156,-2.7493615,-2.1793616,-3.8693616,-3.4393616,-2.0893617,-4.5793614,-4.4093614,-5.199362,-5.5593615,-5.8193617,-4.8393617,-4.3593616,-6.1893616,-5.9993615,-6.0593615,-5.9793615,-5.2093616,-4.7893615,-4.3393617
-1.4493616,-0.38936156,-0.69936156,-0.51936156,-1.1993616,-1.0993615,-0.9393616,-3.8093615,-4.219362,-6.3993616,-5.9793615,-6.5993614,-7.6193614,-7.0293617,-7.8993616,-7.7493615,-9.029362,-8.479362,-9.329362,-8.209362,-7.5093617,-6.719362,-7.6193614,-5.5593615,-4.5493617,-3.5693617,-3.7393615,-1.7293615,1.4706384,0.8206384,1.8606384,2.6106384,1.7106384,-0.12936157,-0.88936156,-1.1893616,-1.0593616,-1.7293615,-2.2593615,-2.2293615,-4.2593617,-4.1693616,-4.1593614,-3.0393615,-5.1393614,-5.5993614,-5.9593616,-6.4393616,-5.739362,-4.1693616,-5.219362,-5.8393617,-5.8293614,-5.8093615,-5.9193616,-6.3993616,-5.8493614
-1.1293616,0.08063843,-0.88936156,-1.3593615,-0.71936154,-1.5193616,-0.9093616,-5.2493615,-7.1393614,-7.8593616,-7.7093616,-8.489362,-8.289362,-9.239362,-8.919361,-9.369362,-9.459362,-9.569362,-8.669361,-8.159362,-7.3993616,-8.179361,-8.419361,-6.7493615,-5.739362,-3.2493615,-2.2893615,1.3806385,0.9406384,0.020638429,1.5606384,0.5606384,0.73063844,-0.7493616,-3.1093616,-2.3893616,-1.1993616,-2.9893615,-3.2293615,-2.9093616,-4.7893615,-4.7493615,-4.9093614,-6.1893616,-6.5493617,-6.3593616,-6.8493614,-6.7793617,-5.9993615,-5.199362,-5.7293615,-5.6693616,-6.6293616,-6.3293614,-6.199362,-6.3493614,-6.7893615
0.060638428,-0.32936156,-0.8493616,-0.94936156,-0.6693616,-0.9893616,-5.3693614,-7.7293615,-8.809361,-8.729362,-8.699362,-9.089361,-8.799361,-7.8193617,-9.489362,-8.609362,-9.5193615,-9.199362,-8.829362,-7.8493614,-6.6893616,-6.239362,-5.9993615,-5.1193614,-3.8393617,-1.7493615,1.4906384,-0.019361572,0.24063843,-0.47936156,0.54063845,0.23063843,-0.9993616,-1.3593615,-3.2493615,-3.5293615,-3.1193616,-4.3093615,-5.2793617,-5.3593616,-5.5793614,-6.0493617,-6.3493614,-6.9993615,-7.489362,-5.8893614,-5.7293615,-6.1893616,-5.6593614,-6.3693614,-6.3893614,-6.1793613,-6.739362,-5.8993616,-6.3493614,-7.0793614,-6.8393617
-1.4293616,-0.49936157,-0.69936156,-0.7393616,-0.7293616,-5.3093615,-5.7293615,-7.7293615,-7.0493617,-9.109362,-8.799361,-7.8293614,-9.189362,-8.7693615,-7.7893615,-7.3693614,-6.2493615,-7.469362,-8.789362,-8.179361,-8.009361,-6.8093615,-6.239362,-2.1393616,-0.52936155,-0.019361572,-0.34936157,-0.58936155,-0.63936156,-1.9493616,0.68063843,-0.39936158,-2.8793616,-2.8893616,-4.5993614,-4.9993615,-3.6893616,-3.7393615,-5.8793616,-5.6593614,-6.4293613,-6.3493614,-6.7893615,-7.6493616,-7.1793613,-7.1593614,-7.1293616,-6.5093617,-6.0993614,-6.6293616,-6.9993615,-6.449362,-7.1093616,-6.8693614,-6.9393616,-7.3693614,-7.4793615
-0.75936157,-0.95936155,-1.0793616,-0.9793616,-7.7493615,-6.199362,-4.0893617,0.22063842,-4.8193617,-7.8193617,-6.8493614,-6.0393615,-8.379361,-7.989362,-7.0193615,-6.2493615,-5.9993615,-6.5393615,-5.6393614,-4.6493616,-2.3093615,0.61063844,-0.6593616,-1.6193615,-0.9393616,-1.0693616,-1.2693616,-2.2493615,-2.3893616,-1.7293615,-1.3793616,-2.5693617,-2.8993616,-2.8993616,-3.3293617,-4.5393615,-5.9193616,-6.2793617,-5.969362,-6.969362,-7.2993617,-7.0493617,-8.039362,-8.409362,-7.949362,-7.8993616,-7.7793617,-7.2093616,-7.1893616,-6.9293613,-7.7493615,-7.8593616,-8.299361,-7.489362,-6.7693615,-8.319362,-8.389361
-2.4593616,-1.1193615,-1.7493615,-9.339361,-6.7593617,-4.8693614,-0.8593616,-1.4893615,-7.239362,-7.5893617,-6.4593616,-6.0493617,-6.2493615,-5.5193615,-4.6193614,-5.1693616,-5.9593616,-4.6193614,-4.8793616,-2.1093616,-1.2193615,-1.9493616,-2.7593615,-2.2493615,-3.0493615,-2.6393616,-3.0193615,-3.3093615,-3.5293615,-3.8693616,-3.8993616,-4.2593617,-4.5293617,-3.6893616,-4.8393617,-5.5093617,-5.5393615,-6.2893615,-6.0293617,-7.3693614,-7.7493615,-8.179361,-8.279362,-9.109362,-7.9593616,-7.8093615,-8.229362,-8.879361,-7.8793616,-7.449362,-7.719362,-9.139361,-8.759361,-8.229362,-7.0293617,-8.829362,-8.669361
-11.309361,-10.779362,-8.789362,-8.089361,-6.4993615,-2.7093616,-1.8793616,-5.2593617,-7.4193616,-8.059361,-6.5993614,-6.4393616,-5.9993615,-5.989362,-5.1193614,-5.6793613,-4.7493615,-4.5293617,-3.5293615,-3.6193616,-2.5893617,-3.7893615,-3.2493615,-4.3293614,-4.8793616,-4.449362,-4.1393614,-3.9793615,-5.4293613,-4.7093616,-4.8093615,-5.9993615,-6.4593616,-5.7293615,-5.0393615,-5.449362,-6.949362,-7.0893617,-6.8993616,-7.2893615,-8.159362,-9.0193615,-9.639361,-9.569362,-8.909362,-7.4793615,-9.399362,-9.309361,-8.429361,-8.549361,-9.109362,-8.849361,-9.749362,-9.459362,-7.7893615,-8.379361,-8.729362
-10.579362,-8.959362,-8.009361,-8.129361,-7.0193615,-8.959362,-8.959362,-7.2593617,-7.2793617,-8.199362,-7.739362,-7.6193614,-7.3293614,-5.6293616,-3.3293617,-4.1293616,-4.7093616,-4.7893615,-4.1793613,-4.3693614,-4.949362,-4.739362,-5.7793617,-5.8193617,-6.469362,-5.5493617,-3.9293616,-5.969362,-5.8593616,-5.4193616,-6.489362,-6.9993615,-6.1093616,-5.719362,-6.1493616,-5.7293615,-6.6493616,-6.0093617,-7.1593614,-7.0293617,-8.039362,-8.849361,-8.839361,-8.389361,-9.379361,-9.789362,-9.619362,-9.349361,-9.599361,-9.839361,-9.809361,-10.219361,-9.939362,-9.229362,-9.119362,-8.819362,-8.599361
-9.829362,-8.629361,-8.709362,-8.149362,-10.109362,-9.069362,-7.699362,-7.7693615,-6.3493614,-6.7793617,-6.2293615,-4.2493615,-2.9493616,-5.0093617,-4.739362,-4.6193614,-5.4593616,-5.1293616,-4.9393616,-5.949362,-6.3493614,-6.969362,-6.9193616,-6.739362,-5.969362,-6.2093616,-7.0393615,-6.6093616,-5.8093615,-6.5893617,-7.2093616,-7.8693614,-6.239362,-6.9193616,-7.4193616,-7.0493617,-7.5593615,-6.8393617,-6.5093617,-7.1193614,-8.259361,-9.109362,-8.849361,-9.509361,-10.2693615,-10.159362,-9.649362,-9.129361,-9.799361,-10.299361,-9.849361,-9.949362,-9.619362,-9.559361,-8.879361,-9.109362,-9.759361
-9.199362,-7.5693617,-6.9793615,-8.619362,-9.189362,-9.009361,-9.829362,-9.2693615,-4.239362,-2.2993615,-2.7693615,-3.2893615,-4.6093616,-4.8793616,-4.8593616,-4.5693617,-4.5993614,-5.4193616,-5.4293613,-6.449362,-6.7893615,-7.2493615,-7.3193617,-6.7093616,-7.3393617,-7.0693617,-7.1093616,-6.7493615,-7.0093617,-8.169361,-8.119362,-7.9793615,-8.209362,-8.139361,-8.339361,-8.239362,-7.969362,-7.5493617,-6.3393617,-7.2693615,-8.449362,-9.339361,-9.029362,-10.009361,-9.899362,-10.199362,-9.709362,-9.389361,-10.199362,-10.149362,-10.119362,-9.429361,-10.159362,-9.859362,-9.439362,-9.759361,-9.429361
-5.3993616,-4.9593616,-7.0393615,-8.0193615,-8.219361,-8.649362,-7.239362,-2.0193615,-1.0693616,-3.2293615,-3.0893617,-4.4993615,-4.5393615,-4.4393616,-4.7493615,-4.6193614,-4.6793613,-5.1893616,-5.969362,-5.3993616,-6.6193614,-7.469362,-7.3693614,-6.719362,-6.9993615,-7.2893615,-7.1193614,-6.6293616,-6.8893614,-8.009361,-8.399362,-8.989362,-9.339361,-9.209362,-9.409362,-8.749362,-7.8593616,-8.249362,-6.6593614,-6.3393617,-8.389361,-9.409362,-9.509361,-9.719361,-10.319362,-10.199362,-10.309361,-9.5193615,-10.399362,-10.2693615,-10.079362,-10.189362,-10.329362,-9.839361,-9.789362,-9.969361,-10.5193615
-5.7893615,-4.989362,-6.449362,-7.2693615,-6.9293613,-6.1293616,-0.36936158,-1.2493615,0.12063843,-3.9693615,-4.3993616,-4.449362,-4.469362,-4.4593616,-5.3193617,-5.0993614,-4.2793617,-4.6293616,-5.1493616,-3.7593615,-6.3693614,-7.199362,-6.8793616,-7.2793617,-6.7693615,-6.5093617,-6.6893616,-7.2893615,-7.6093616,-8.669361,-8.749362,-9.589361,-9.909362,-9.449362,-9.729362,-9.039362,-9.179361,-8.529362,-8.279362,-8.169361,-8.679361,-9.279362,-9.349361,-9.509361,-10.049361,-9.819362,-10.409362,-9.699362,-9.739362,-9.929361,-10.219361,-10.689362,-10.429361,-10.049361,-10.189362,-9.949362,-9.699362
-5.1193614,-5.3793616,-5.219362,-6.199362,-4.0493617,0.33063844,-1.2593616,-1.0893615,-5.5093617,-5.2493615,-5.1093616,-5.1393614,-4.3893614,-5.4993615,-5.8793616,-5.5193615,-4.949362,-4.6593614,-5.2293615,-4.4193616,-4.0893617,-6.1193614,-6.1893616,-7.2293615,-6.8593616,-6.7093616,-7.0293617,-7.3693614,-7.0293617,-8.199362,-8.689362,-9.309361,-9.849361,-9.659362,-9.619362,-9.209362,-8.849361,-8.909362,-8.789362,-9.059361,-9.219361,-8.859362,-9.189362,-9.359362,-9.669361,-9.619362,-10.359362,-10.689362,-9.669361,-9.249362,-9.939362,-10.139361,-10.259361,-10.189362,-9.939362,-9.999362,-9.959362
