Particles/windmap/data/testWavesAutre.json
{"header": { "discipline":10, "disciplineName":"Oceanographic products", "gribEdition":2, "gribLength":53824, "center":7, "centerName":"US National Weather Service - NCEP(WMC)", "subcenter":0, "refTime":"2024-04-16T00:00:00.000Z", "significanceOfRT":1, "significanceOfRTName":"Start of forecast", "productStatus":0, "productStatusName":"Operational products", "productType":1, "productTypeName":"Forecast products", "productDefinitionTemplate":0, "productDefinitionTemplateName":"Analysis/forecast at horizontal level/layer at a point in time", "parameterCategory":0, "parameterCategoryName":"Waves", "parameterNumber":10, "parameterNumberName":"Primary_wave_direction", "parameterUnit":"degrees", "genProcessType":2, "genProcessTypeName":"Forecast", "forecastTime":0, "surface1Type":1, "surface1TypeName":"Ground or water surface", "surface1Value":1.0, "surface2Type":255, "surface2TypeName":"Missing", "surface2Value":0.0, "gridDefinitionTemplate":0, "gridDefinitionTemplateName":"Latitude_Longitude", "numberPoints":99631, "shape":6, "shapeName":"Earth spherical with radius of 6,371,229.0 m", "gridUnits":"degrees", "resolution":48, "winds":"true", "scanMode":0, "nx":301, "ny":331, "basicAngle":0, "subDivisions":0, "lo1":260.0, "la1":55.0, "lo2":310.0, "la2":0.0, "dx":0.166667, "dy":0.166667 }, "data":
[rows 165 to 197 of 331, columns 0 to 73 of 301]
"NaN","NaN","NaN","NaN","NaN","NaN","NaN","NaN","NaN","NaN","NaN","NaN","NaN","NaN","NaN","NaN","NaN",130.19,131.8,133.21,133.79,133.91,133.66,133.33,133.14,133.26,133.42,133.51,133.65,133.79,134.01,138.2,137.93,137.33,136.68,136.34,136.94,138.88,141.76,145.22,148.86,150.53,151.43,150.96,151.95,152.11,151.17,149.06,145.96,142.45,139.14,136.14,133.26,130.7,128.49,126.65,125.28,124.41,124.01,124.23,125.45,127.48,129.63,131.22,131.64,132.58,132.65,132.7,133.18,134.16,139.43,143.9,132.23,133.84
"NaN","NaN","NaN","NaN","NaN","NaN","NaN","NaN","NaN","NaN","NaN","NaN","NaN","NaN","NaN","NaN",119.05,128.44,130.79,132.14,132.8,132.87,132.89,132.69,132.73,132.92,133.09,133.25,133.34,133.38,137.6,137.33,137.16,136.84,136.2,135.71,135.73,136.53,138.42,141.07,144.18,146.42,148.16,147.99,146.69,148.84,147.57,145.24,142.35,139.36,136.37,133.43,130.7,128.36,126.59,125.27,124.21,123.45,123.64,124.77,126.7,129.33,132.07,133.21,135.38,136.45,135.76,134.19,132.89,135.86,139.04,127.02,129.67,131.58
"NaN","NaN","NaN","NaN","NaN","NaN","NaN","NaN","NaN","NaN","NaN","NaN","NaN","NaN","NaN","NaN",119.05,127.03,129.64,131.16,131.93,131.99,132.09,139.32,139.62,139.46,139.02,138.64,138.32,137.98,137.64,137.42,137.26,137.18,137.17,137.06,137.16,137.57,138.48,139.96,141.82,143.29,144.47,144.51,142.78,144.91,143.27,140.85,138.44,136.29,134.03,131.64,129.28,127.12,125.51,124.42,123.65,123.62,124.96,127.19,129.79,131.31,134.08,136.79,139.07,140.27,140.07,138.33,135.77,137.1,139.0,125.73,127.72,129.59
"NaN","NaN","NaN","NaN","NaN","NaN","NaN","NaN","NaN","NaN","NaN","NaN","NaN","NaN","NaN","NaN",117.14,126.5,128.58,130.22,130.95,137.9,138.51,139.44,139.81,139.55,138.92,138.33,137.98,137.82,137.7,137.72,137.76,137.82,138.05,138.42,138.72,139.04,139.51,140.13,141.08,142.42,142.31,141.59,139.47,141.55,139.59,137.31,135.44,133.86,132.06,130.08,128.06,126.23,124.76,123.87,123.97,125.61,127.76,129.78,132.34,134.93,137.46,140.03,142.03,142.47,141.75,141.01,139.29,140.19,139.72,124.97,126.43,128.0
"NaN","NaN","NaN","NaN","NaN","NaN","NaN","NaN","NaN","NaN","NaN","NaN","NaN","NaN","NaN","NaN",112.62,125.63,127.58,129.28,129.95,137.26,138.2,139.26,139.53,139.03,138.08,137.13,136.68,136.67,136.88,137.32,137.59,137.69,138.01,138.67,139.38,139.79,140.02,140.08,140.26,142.03,141.41,139.77,137.14,139.05,136.84,134.91,133.66,132.42,130.67,128.68,126.82,125.22,124.18,123.96,125.16,128.2,130.29,133.08,136.25,138.68,140.56,142.51,144.13,144.26,143.23,146.22,145.6,143.05,140.59,124.62,125.52,126.74
"NaN","NaN","NaN","NaN","NaN","NaN","NaN","NaN","NaN","NaN","NaN","NaN","NaN","NaN","NaN","NaN","NaN",122.85,126.58,128.36,135.98,136.67,137.72,138.49,138.42,137.47,136.01,134.6,133.97,134.06,134.67,135.56,136.21,136.29,136.68,137.67,138.7,139.47,139.69,139.46,139.12,141.36,140.38,138.38,135.35,136.99,134.64,133.17,132.38,131.23,129.31,127.07,125.15,123.78,123.41,127.21,127.39,128.67,131.66,135.3,138.59,140.7,142.23,143.75,144.82,149.96,149.5,148.45,146.72,143.71,140.12,124.44,124.81,125.54
"NaN","NaN","NaN","NaN","NaN","NaN","NaN","NaN","NaN","NaN","NaN","NaN","NaN","NaN","NaN","NaN","NaN",119.33,125.79,127.29,135.55,136.33,137.06,137.27,136.61,135.12,133.19,131.46,130.51,130.37,131.2,132.56,133.68,133.97,134.63,136.21,137.58,138.4,138.61,138.16,137.45,140.39,138.87,136.55,133.3,134.88,132.83,131.89,131.05,129.54,127.28,124.96,123.05,122.05,126.41,126.28,126.27,126.97,130.55,135.7,138.73,141.01,142.47,143.75,150.74,151.06,150.36,148.69,145.64,141.63,122.17,123.92,124.06,124.34
"NaN","NaN","NaN","NaN","NaN","NaN","NaN","NaN","NaN","NaN","NaN","NaN","NaN","NaN","NaN","NaN","NaN",114.81,124.92,133.29,134.87,135.93,136.34,135.97,134.68,132.67,130.36,128.29,127.02,126.69,127.29,128.79,130.27,130.95,131.8,133.65,135.29,136.32,136.62,136.08,135.12,138.84,136.85,134.06,130.67,132.78,131.23,130.46,129.44,127.45,124.95,122.65,120.91,125.28,124.81,124.46,124.14,124.74,129.03,131.77,137.8,139.85,141.13,142.33,150.48,150.41,148.85,146.23,142.07,121.28,123.06,122.59,122.83,117.26
"NaN","NaN","NaN","NaN","NaN","NaN","NaN","NaN","NaN","NaN","NaN","NaN","NaN","NaN","NaN","NaN","NaN","NaN",123.36,132.51,133.89,135.03,135.31,134.57,132.77,130.23,127.49,125.04,123.5,123.06,123.45,124.89,126.58,127.48,128.3,130.16,131.87,132.79,133.15,132.84,131.99,136.55,134.4,131.14,127.84,125.64,129.88,128.87,127.51,125.28,122.75,120.56,118.82,123.47,123.05,122.26,118.47,120.87,126.06,129.42,130.69,138.09,139.29,140.18,140.06,148.48,145.62,140.8,118.32,116.55,120.16,120.24,114.41,114.38
"NaN","NaN","NaN","NaN","NaN","NaN","NaN","NaN","NaN","NaN","NaN","NaN","NaN","NaN","NaN","NaN","NaN","NaN",121.88,123.29,132.69,133.49,133.63,132.74,130.76,127.9,124.73,122.01,120.11,119.48,119.98,121.37,123.07,124.1,124.73,126.18,127.8,128.49,128.78,128.63,128.23,133.71,131.55,127.98,124.87,123.28,128.31,127.24,125.61,123.46,120.88,118.57,116.85,121.74,121.41,120.2,114.88,115.97,120.74,125.47,127.46,128.45,136.6,136.73,135.44,132.6,127.98,113.98,116.23,116.0,116.17,116.91,110.69,112.25
"NaN","NaN","NaN","NaN","NaN","NaN","NaN","NaN","NaN","NaN","NaN","NaN","NaN","NaN","NaN","NaN","NaN","NaN",120.78,121.49,122.04,131.41,131.11,130.26,128.35,125.66,122.56,119.8,117.72,116.78,117.14,118.65,120.25,121.15,121.56,122.48,123.82,124.47,124.56,124.44,124.3,130.69,128.54,124.91,121.81,120.34,119.64,125.33,123.71,121.7,119.22,116.92,115.12,113.94,120.15,113.05,112.0,112.06,114.15,118.18,121.09,122.48,122.55,121.38,129.21,125.24,108.67,110.31,110.47,110.97,111.92,113.65,116.24,102.22
"NaN","NaN","NaN","NaN","NaN","NaN","NaN","NaN","NaN","NaN","NaN","NaN","NaN","NaN","NaN","NaN","NaN",119.55,119.4,119.16,119.35,119.1,127.95,127.03,125.39,123.12,120.53,118.08,116.24,115.44,115.84,117.11,118.21,118.72,118.92,119.41,120.35,121.02,121.11,120.9,120.68,120.35,125.8,122.28,118.98,117.11,116.19,115.94,121.82,119.92,117.79,115.59,113.71,112.3,112.16,111.86,110.4,110.16,110.49,108.95,110.14,110.68,115.46,114.31,111.94,108.52,105.14,105.11,105.61,106.8,108.82,111.43,114.44,117.23
"NaN","NaN","NaN","NaN","NaN","NaN","NaN","NaN","NaN","NaN","NaN","NaN","NaN","NaN","NaN","NaN","NaN",118.08,116.87,116.29,115.71,115.24,114.27,113.54,112.67,111.71,118.32,116.89,115.87,115.51,115.81,116.32,116.65,116.64,116.4,116.58,117.48,118.3,118.65,118.42,118.07,117.78,123.88,120.47,116.9,114.53,113.1,112.91,112.97,111.8,116.41,114.37,112.55,110.9,110.38,110.81,109.75,108.73,108.67,105.45,105.71,105.72,105.31,104.03,102.19,101.11,100.7,101.25,102.6,104.33,106.52,113.41,116.39,119.1
"NaN","NaN","NaN","NaN","NaN","NaN","NaN","NaN","NaN","NaN","NaN","NaN","NaN","NaN","NaN","NaN",116.76,114.75,113.8,112.68,111.65,110.94,110.59,110.25,110.01,109.76,109.69,109.65,115.75,115.62,115.45,115.24,114.92,114.48,113.92,113.8,114.64,115.84,116.8,116.97,116.51,116.21,115.19,120.11,116.38,113.47,111.6,110.84,110.9,110.29,108.57,113.16,111.59,109.78,108.64,109.15,109.32,108.27,107.35,102.2,101.79,101.27,100.64,100.01,99.03,98.29,98.2,98.88,100.38,106.35,108.52,111.11,114.08,116.71
"NaN","NaN","NaN","NaN","NaN","NaN","NaN","NaN","NaN","NaN","NaN","NaN","NaN","NaN","NaN","NaN",113.77,111.7,110.22,108.77,108.12,107.49,107.54,107.84,108.12,108.34,108.6,108.82,115.08,114.56,113.87,113.09,112.45,111.8,111.33,111.27,111.95,113.12,114.5,115.66,115.49,114.94,114.19,112.8,117.16,114.04,111.62,110.19,109.52,108.78,107.19,105.64,104.39,102.89,107.15,107.0,108.03,108.37,107.68,106.35,99.74,98.42,97.32,97.5,97.01,96.78,96.91,97.62,103.12,104.93,106.86,108.92,111.69,114.23
"NaN","NaN","NaN","NaN","NaN","NaN","NaN","NaN","NaN","NaN","NaN","NaN","NaN","NaN","NaN",120.84,110.49,108.23,106.71,105.7,105.07,104.71,104.95,105.55,106.12,106.69,107.06,113.96,113.38,112.54,111.36,110.29,109.65,109.27,109.1,109.23,109.84,110.69,111.78,113.3,114.33,113.85,113.11,112.07,110.58,108.5,112.16,110.32,109.05,107.78,106.22,104.52,103.2,101.77,100.22,99.67,100.32,101.54,107.66,107.18,100.66,99.02,97.38,98.28,97.52,97.03,96.96,101.67,102.68,103.97,105.32,106.97,109.35,111.71
"NaN","NaN","NaN","NaN","NaN","NaN","NaN","NaN","NaN","NaN","NaN","NaN","NaN","NaN","NaN",120.7,107.69,105.01,103.64,102.81,102.29,102.66,103.27,103.98,104.57,105.15,112.47,112.0,111.04,109.66,108.24,107.22,106.84,106.89,107.08,107.28,107.64,108.35,109.16,110.31,111.92,112.45,111.85,110.89,109.66,108.21,106.53,110.47,108.94,107.51,105.87,104.01,102.46,100.96,99.25,98.27,98.26,98.93,100.11,106.17,105.79,100.44,99.2,97.78,100.83,100.12,104.41,104.08,103.9,103.93,104.32,105.2,106.97,109.15
"NaN","NaN","NaN","NaN","NaN","NaN","NaN","NaN","NaN","NaN","NaN","NaN","NaN","NaN","NaN",106.48,104.34,102.16,100.8,100.22,100.77,101.57,102.46,103.01,103.48,110.83,110.36,109.37,108.04,106.39,104.94,104.08,103.82,104.07,104.54,104.96,105.22,105.7,106.49,107.34,108.69,109.98,109.94,109.24,108.23,107.2,106.03,104.61,108.81,107.45,106.0,104.26,102.46,100.67,98.84,97.57,97.07,97.09,97.65,103.33,103.19,102.46,98.79,98.26,103.45,108.46,107.85,106.81,105.62,104.47,103.84,103.8,104.72,106.49
"NaN","NaN","NaN","NaN","NaN","NaN","NaN","NaN","NaN","NaN","NaN","NaN","NaN","NaN",114.03,113.49,101.45,99.46,98.43,98.92,99.88,100.79,101.74,109.57,109.53,108.92,107.9,106.55,104.86,103.08,101.7,101.11,101.11,101.58,102.27,102.89,103.24,103.56,104.05,104.53,105.23,106.43,107.05,106.87,106.35,105.72,104.9,103.8,102.73,107.28,106.18,104.66,102.77,100.75,98.84,97.29,96.19,95.54,95.61,95.87,100.38,99.48,98.0,96.01,107.87,108.17,107.89,107.0,105.68,104.22,103.08,102.57,102.79,103.77
"NaN","NaN","NaN","NaN","NaN","NaN","NaN","NaN","NaN","NaN","NaN","NaN","NaN","NaN",111.9,110.38,99.01,97.22,97.28,98.32,99.1,107.36,107.79,107.89,107.6,106.72,105.49,103.87,101.86,100.08,99.17,98.89,99.26,100.06,100.9,101.62,102.02,102.18,102.29,102.26,102.26,102.84,103.56,103.98,104.06,103.77,103.21,102.46,101.68,101.1,105.92,104.56,102.88,100.87,98.85,97.01,95.46,94.11,93.48,93.4,97.83,96.56,94.76,103.99,105.27,105.94,105.84,105.2,104.11,102.84,101.84,101.27,101.01,101.17
"NaN","NaN","NaN","NaN","NaN","NaN","NaN","NaN","NaN","NaN","NaN","NaN","NaN","NaN",110.45,107.64,96.88,95.82,96.92,97.9,105.75,106.21,106.17,106.04,105.45,104.52,103.27,101.41,99.2,97.72,97.24,97.36,98.12,99.03,100.02,100.91,101.37,101.37,101.18,100.85,100.49,100.65,101.2,101.71,101.94,101.78,101.37,100.89,100.51,100.15,105.03,103.86,102.43,100.57,98.39,96.21,94.36,92.87,91.66,91.09,90.46,93.62,91.47,100.42,101.38,102.09,102.18,101.8,101.02,100.22,99.62,99.21,98.77,98.55
"NaN","NaN","NaN","NaN","NaN","NaN","NaN","NaN","NaN","NaN","NaN","NaN","NaN","NaN",106.06,105.1,94.74,95.36,96.91,97.76,105.42,105.45,104.93,104.33,103.48,102.51,101.02,99.0,97.19,96.23,95.88,96.37,97.38,98.33,99.46,100.43,100.76,100.68,100.38,100.04,99.75,99.89,100.44,100.99,101.14,100.9,100.43,100.0,99.55,98.77,97.85,102.64,101.28,99.53,97.26,94.85,92.83,91.36,90.01,88.99,88.11,86.94,96.4,96.47,96.39,96.58,96.71,96.72,96.63,96.54,99.58,99.52,99.35,98.9
"NaN","NaN","NaN","NaN","NaN","NaN","NaN","NaN","NaN","NaN","NaN","NaN","NaN","NaN",114.06,94.21,93.39,95.32,96.87,104.46,105.11,104.88,104.04,103.0,101.89,110.75,108.71,96.97,95.8,95.21,95.19,95.83,96.65,97.58,98.79,99.66,99.81,99.69,99.5,99.3,99.15,99.14,99.53,100.08,100.39,100.16,99.57,98.89,98.1,97.18,96.33,101.19,99.78,97.99,95.8,93.49,91.42,89.77,88.27,86.89,85.86,84.62,93.81,93.52,97.07,96.53,96.33,96.35,96.57,96.78,96.85,96.94,97.06,96.69
"NaN","NaN","NaN","NaN","NaN","NaN","NaN","NaN","NaN","NaN","NaN","NaN","NaN","NaN",93.43,92.22,92.88,95.12,96.26,103.57,104.23,103.98,103.14,101.88,110.99,109.2,106.85,95.51,94.68,94.3,94.52,95.12,95.77,96.54,97.46,98.26,98.5,98.47,98.35,98.27,98.05,97.87,97.97,98.15,98.31,98.09,97.52,96.78,96.07,95.43,94.53,93.37,98.0,96.26,94.27,92.26,90.32,88.51,86.65,84.95,83.74,91.81,91.98,91.81,91.52,95.35,95.14,95.06,95.07,95.0,94.91,94.76,94.49,94.17
"NaN","NaN","NaN","NaN","NaN","NaN","NaN","NaN","NaN","NaN","NaN","NaN","NaN","NaN",91.11,91.01,92.58,94.38,95.06,102.2,102.67,102.48,101.82,100.64,109.8,107.68,105.09,94.21,93.52,93.24,93.53,94.1,94.7,95.19,95.61,96.19,96.65,96.74,96.7,96.59,96.47,96.32,95.98,95.56,95.21,94.96,94.59,94.09,93.53,92.81,91.88,90.82,95.88,94.48,92.88,91.09,89.18,87.2,85.1,83.26,81.92,90.24,90.66,90.94,90.98,95.03,94.77,94.46,94.14,93.79,93.5,92.99,92.39,91.93
"NaN","NaN","NaN","NaN","NaN","NaN","NaN","NaN","NaN","NaN","NaN","NaN","NaN","NaN",89.15,90.34,92.0,93.14,93.63,100.62,100.87,100.75,100.19,109.91,108.37,106.06,103.48,92.88,92.25,92.09,92.38,92.99,93.48,93.74,93.81,93.94,94.33,94.47,94.48,94.53,94.47,94.06,93.34,92.64,92.12,91.85,91.42,90.8,90.13,89.41,88.73,88.1,87.53,92.74,91.41,89.6,87.5,85.36,83.31,81.51,82.75,88.88,89.48,89.97,90.16,90.1,93.85,93.5,93.04,92.6,92.09,91.54,91.08,90.74
"NaN","NaN","NaN","NaN","NaN","NaN","NaN","NaN","NaN","NaN","NaN","NaN","NaN","NaN",88.36,89.77,91.09,91.72,91.99,98.88,99.16,99.08,98.57,108.4,106.7,104.31,101.87,91.38,90.74,90.76,91.14,91.69,92.15,92.44,92.49,92.42,92.58,92.71,92.71,92.68,92.32,91.61,90.82,90.09,89.47,88.68,87.88,87.37,86.89,86.42,85.97,85.56,85.05,90.37,89.12,87.45,85.47,83.37,81.34,79.38,80.65,80.99,88.02,88.52,88.61,92.53,92.24,92.01,91.7,91.28,90.78,90.41,90.12,89.68
"NaN","NaN","NaN","NaN","NaN","NaN","NaN","NaN","NaN","NaN","NaN","NaN","NaN","NaN",88.03,89.04,90.07,90.21,90.21,97.03,97.31,97.28,96.86,106.62,104.87,102.54,100.12,89.54,88.89,89.02,89.55,90.0,90.51,90.88,91.04,91.18,91.39,91.53,91.4,90.96,90.26,89.46,88.62,87.71,86.68,85.64,85.03,84.69,84.35,83.91,83.48,82.92,82.17,87.37,86.02,84.55,82.97,81.19,79.16,77.0,78.12,78.32,85.87,86.74,86.9,90.84,90.65,90.41,90.23,90.01,89.65,89.28,88.96,88.28
"NaN","NaN","NaN","NaN","NaN","NaN","NaN","NaN","NaN","NaN","NaN","NaN","NaN","NaN",87.36,88.28,88.81,88.61,88.41,95.2,95.27,95.27,105.44,104.55,102.9,100.74,98.18,87.45,86.78,86.99,87.55,87.91,88.34,88.72,88.91,89.04,89.28,89.38,89.19,88.56,87.69,86.74,85.77,84.8,83.92,83.36,82.94,82.42,81.99,81.59,81.11,80.28,85.81,84.29,82.77,81.33,80.03,78.59,76.93,75.43,74.07,76.69,76.34,84.35,85.19,85.12,89.09,88.85,88.59,88.39,88.06,87.76,87.47,86.57
"NaN","NaN","NaN","NaN","NaN","NaN","NaN","NaN","NaN","NaN","NaN","NaN","NaN",90.67,86.54,87.19,87.26,86.88,93.39,93.53,93.43,93.28,103.59,102.46,100.81,98.79,86.75,85.24,84.64,84.85,81.61,81.76,81.76,86.12,86.32,86.32,86.32,86.31,86.13,85.56,84.7,83.81,83.04,82.34,81.92,81.58,81.0,80.32,79.77,79.35,78.56,77.45,82.93,81.35,79.85,78.48,77.27,76.19,75.53,75.69,78.07,77.1,74.55,75.41,82.75,83.08,86.96,87.0,86.82,86.6,86.35,86.0,85.56,84.84
"NaN","NaN","NaN","NaN","NaN","NaN","NaN","NaN","NaN","NaN","NaN","NaN","NaN",87.5,85.19,85.58,85.53,85.12,91.79,92.0,92.08,102.56,102.12,100.71,98.88,108.68,84.4,83.03,78.58,79.06,79.47,79.52,79.24,79.17,79.08,83.58,83.57,83.51,83.28,82.9,82.32,81.65,81.1,80.66,80.36,79.79,79.06,78.37,77.73,76.9,75.84,74.71,80.1,78.53,77.02,75.68,74.42,73.42,73.0,73.6,70.73,67.5,68.92,74.97,73.6,80.27,80.03,84.2,84.37,84.28,84.17,83.84,83.36,83.03
"NaN","NaN","NaN","NaN","NaN","NaN","NaN","NaN","NaN","NaN","NaN","NaN","NaN","NaN",83.47,83.59,83.75,83.45,90.2,90.5,90.96,101.94,101.07,99.45,109.57,107.23,82.29,76.51,76.66,77.01,77.22,77.22,76.85,76.41,76.21,76.17,76.01,80.69,80.57,80.42,80.06,79.54,79.02,78.66,78.28,77.76,77.21,76.55,75.64,74.51,73.43,72.24,77.12,75.53,73.83,72.34,70.88,80.5,77.95,64.93,76.95,77.52,77.29,76.41,75.92,75.54,76.47,76.41,80.66,80.68,80.74,80.83,80.71,80.39
"NaN","NaN","NaN","NaN","NaN","NaN","NaN","NaN","NaN","NaN","NaN","NaN","NaN","NaN",80.94,81.72,81.95,81.87,88.78,89.16,89.95,101.56,100.4,111.09,108.86,106.07,80.58,74.91,74.93,75.01,74.92,74.82,74.63,74.12,73.61,73.35,73.12,72.86,72.67,77.78,77.5,77.08,76.72,76.46,76.16,75.82,75.41,74.73,73.64,72.44,71.02,69.47,73.9,71.85,70.12,74.86,77.66,75.7,73.92,74.1,72.68,72.46,72.54,72.32,72.36,70.25,68.9,69.61,70.19,71.98,74.51,74.91,77.49,72.05
