Particles/windmap/data/test.json
{"header": { "discipline":0, "disciplineName":"Meteorological products", "gribEdition":2, "gribLength":79234, "center":7, "centerName":"US National Weather Service - NCEP(WMC)", "subcenter":0, "refTime":"2024-04-10T00:00:00.000Z", "significanceOfRT":1, "significanceOfRTName":"Start of forecast", "productStatus":0, "productStatusName":"Operational products", "productType":1, "productTypeName":"Forecast products", "productDefinitionTemplate":0, "productDefinitionTemplateName":"Analysis/forecast at horizontal level/layer at a point in time", "parameterCategory":2, "parameterCategoryName":"Momentum", "parameterNumber":3, "parameterNumberName":"V-component_of_wind", "parameterUnit":"m.s-1", "genProcessType":2, "genProcessTypeName":"Forecast", "forecastTime":0, "surface1Type":103, "surface1TypeName":"Specified height level above ground", "surface1Value":10.0, "surface2Type":255, "surface2TypeName":"Missing", "surface2Value":0.0, "gridDefinitionTemplate":0, "gridDefinitionTemplateName":"Latitude_Longitude", "numberPoints":65160, "shape":6, "shapeName":"Earth spherical with radius of 6,371,229.0 m", "gridUnits":"degrees", "resolution":48, "winds":"true", "scanMode":0, "nx":360, "ny":181, "basicAngle":0, "lo1":0.0, "la1":90.0, "lo2":359.0, "la2":-90.0, "dx":1.0, "dy":1.0 }, "data":
[rows 0 to 25 of 181, columns 171 to 227 of 360]
0.69894046,0.83894044,0.9789404,1.1189405,1.2589405,1.3889405,1.5289404,1.6589404,1.7989404,1.9289404,2.0689404,2.1989405,2.3389404,2.4689405,2.5989404,2.7289405,2.8589404,2.9889405,3.1189404,3.2389405,3.3689404,3.4989405,3.6189404,3.7389405,3.8589404,3.9889405,4.0989404,4.2189403,4.3389406,4.4589405,4.5689406,4.6789403,4.7889404,4.8989406,5.00894,5.1189404,5.2289405,5.3289404,5.4289403,5.52894,5.6289406,5.7289405,5.8189406,5.9189405,6.00894,6.0989404,6.1889405,6.2689404,6.3589406,6.4389405,6.5189404,6.5989404,6.6689405,6.7489405,6.8189406,6.8889403,6.9589405
0.8189404,0.9389404,1.0589404,1.1789404,1.2989404,1.4189404,1.5389404,1.6589404,1.7789404,1.9089404,2.0289404,2.1589403,2.2789404,2.3989403,2.5189404,2.6489403,2.7689404,2.8989403,3.0189404,3.1289403,3.2489405,3.3589404,3.4689405,3.5689404,3.6789405,3.7889404,3.8889403,3.9889405,4.0889406,4.1789403,4.27894,4.3689404,4.4689403,4.5589404,4.6389403,4.7189403,4.7989407,4.8689404,4.9389405,5.0189404,5.0889406,5.1589403,5.2389402,5.2989407,5.3689404,5.4389405,5.50894,5.5789404,5.6489406,5.7189403,5.7889404,5.8489404,5.9189405,5.9789405,6.0389404,6.1089406,6.1589403
2.2589405,2.3689404,2.4889405,2.5889404,2.6989405,2.8089404,2.8989403,2.9889405,3.0689404,3.1689405,3.2689404,3.3589404,3.4489405,3.5189404,3.5789404,3.6289403,3.6689405,3.7289405,3.7889404,3.8289404,3.8789403,3.9089403,3.9289405,3.9389405,3.9489405,3.9589405,3.9589405,3.9489405,3.9289405,3.9089403,3.8689404,3.8389404,3.7989404,3.7589405,3.7189405,3.6789405,3.6389403,3.5989404,3.5689404,3.5789404,3.6289403,3.7289405,3.8389404,3.9689405,4.1389403,4.3089404,4.4489403,4.5789404,4.6889405,4.7889404,4.8589406,4.8989406,4.9389405,4.9889402,5.02894,5.0789404,5.1289406
1.7989404,1.8989404,1.9989405,2.0989404,2.1989405,2.3089404,2.3989403,2.4789405,2.5589404,2.6289403,2.7089405,2.7589405,2.8089404,2.8589404,2.9389405,3.0389404,3.1189404,3.1989405,3.2789404,3.3689404,3.4489405,3.5189404,3.5589404,3.5689404,3.5489404,3.5089405,3.4489405,3.3989403,3.3489404,3.3089404,3.3089404,3.3089404,3.2989404,3.3689404,3.4389405,3.4989405,3.5489404,3.5789404,3.5989404,3.5989404,3.5889404,3.5689404,3.5389404,3.5089405,3.4889405,3.4889405,3.4789405,3.4689405,3.4789405,3.5589404,3.7089405,3.9289405,4.1389403,4.2989407,4.3589406,4.3189406,4.2489405
1.5189404,1.6589404,1.7889404,1.9189404,2.0389404,2.1489403,2.2689404,2.3889403,2.5189404,2.6389403,2.7589405,2.8789403,2.9989405,3.1089404,3.2189405,3.3389404,3.4889405,3.6389403,3.7589405,3.8689404,3.9689405,4.0489407,4.1089406,4.1489406,4.1989403,4.2189403,4.2289405,4.2189403,4.1489406,4.00894,3.8889403,3.8189404,3.8389404,3.8989403,3.9289405,3.8989403,3.8189404,3.7289405,3.6689405,3.6289403,3.6089404,3.5389404,3.4389405,3.3289404,3.2289405,3.1389403,2.9889405,2.7789404,2.5789404,2.4089403,2.2189405,1.9689404,1.7189404,1.6789404,2.0789404,2.7489405,3.3489404
2.9089403,3.0289404,3.1189404,3.1889405,3.2289405,3.2789404,3.3489404,3.4189405,3.4989405,3.5789404,3.6689405,3.7589405,3.8489404,3.8989403,3.8989403,3.8889403,3.9189405,3.9489405,3.9689405,3.9789405,3.9889405,4.00894,4.0689406,4.1089406,4.1489406,4.1689405,4.1989403,4.2189403,4.2389402,4.25894,4.3389406,4.4289403,4.4989405,4.5489407,4.5889406,4.5789404,4.4889402,4.3889403,4.2289405,4.0789404,3.9589405,3.8789403,3.8489404,3.8189404,3.7089405,3.4889405,3.2989404,3.1689405,2.9989405,2.7889404,2.4789405,2.1489403,1.9289404,1.7589405,1.3789405,0.71894044,0.14894043
4.8389406,4.8989406,4.9489403,5.0389404,5.1389403,5.2289405,5.3089404,5.3989406,5.4989405,5.5489407,5.5689406,5.5789404,5.6489406,5.6789403,5.6389403,5.5689406,5.4689403,5.3689404,5.2489405,5.1489406,5.0589404,4.9589405,4.8689404,4.7989407,4.7689404,4.7189403,4.6289406,4.5689406,4.50894,4.4389405,4.3089404,4.2389402,4.2389402,4.3089404,4.3289404,4.3189406,4.3089404,4.2889404,4.27894,4.2689404,4.2089405,4.1189404,4.00894,3.8789403,3.7289405,3.5589404,3.3789403,3.1989405,3.0289404,2.7589405,2.4589405,2.1489403,1.8589405,1.6489404,1.3089404,0.90894043,0.6189404
7.0189404,7.0489407,7.0689406,7.0389404,7.02894,7.0689406,7.1189404,7.1289406,7.1689405,7.1589403,7.1889405,7.2089405,7.1789403,7.1289406,7.0989404,7.0889406,7.02894,6.9789405,7.0789404,7.25894,7.4189405,7.3789406,7.2189403,6.9689403,6.6089406,6.27894,6.02894,5.8589406,5.6989403,5.4789405,5.1989403,4.8689404,4.5989404,4.3089404,4.0489407,3.8889403,3.7889404,3.7789404,3.8289404,3.8389404,3.8189404,3.8089404,3.7589405,3.6989405,3.6289403,3.5189404,3.3289404,3.0989404,2.8589404,2.5689404,2.2889404,2.0389404,1.8189404,1.4989405,1.0689404,0.69894046,0.43894044
8.588941,8.598941,8.558941,8.468941,8.428941,8.388941,8.32894,8.26894,8.2089405,8.138941,8.098941,8.07894,8.06894,8.058941,8.01894,7.9489403,7.8789406,7.9189405,7.9589405,7.9389405,7.9989405,8.058941,8.02894,8.088941,8.22894,8.128941,7.9789405,7.7189403,7.1889405,6.5589404,6.0789404,5.7089405,5.2889404,4.8389406,4.4589405,4.0989404,3.6589403,3.3289404,3.1489403,3.1389403,3.2489405,3.3689404,3.4289405,3.3789403,3.3089404,3.2289405,3.1289403,3.0089405,2.8089404,2.5489404,2.2989404,2.0389404,1.7489405,1.4389404,1.1189405,0.7889404,0.41894042
9.28894,9.26894,9.308941,9.388941,9.43894,9.428941,9.51894,9.60894,9.69894,9.758941,9.81894,9.81894,9.89894,9.93894,9.85894,9.69894,9.56894,9.388941,9.2089405,9.03894,8.81894,8.52894,8.338941,8.098941,7.9189405,8.07894,8.008941,7.77894,7.4889402,6.9589405,6.3189406,5.8189406,5.4489403,4.9589405,4.4289403,3.9189405,3.4689405,2.9389405,2.4289405,2.2289405,2.4389405,2.7289405,2.8989403,2.9989405,3.0289404,2.9989405,2.8889403,2.7889404,2.7289405,2.6289403,2.4389405,2.1789405,1.9189404,1.6389405,1.3489404,1.0189404,0.65894043
9.72894,9.758941,9.78894,9.888941,9.94894,9.968941,10.088941,10.18894,10.26894,10.35894,10.348941,10.26894,10.218941,10.03894,9.81894,9.57894,9.258941,8.93894,8.668941,8.40894,8.168941,7.8389406,7.6289406,7.1489406,6.75894,6.4389405,6.25894,6.0989404,5.9089403,5.6689405,5.4289403,5.0389404,4.5689406,4.0989404,3.5989404,3.1689405,2.7389405,2.3389404,1.9989405,1.8489404,1.9489404,2.2989404,2.7089405,2.9289405,3.0489404,3.1089404,3.1689405,3.0989404,2.9189405,2.8089404,2.6889405,2.4989405,2.1789405,1.8489404,1.5389404,1.2389405,0.90894043
9.838941,9.78894,9.888941,9.97894,10.02894,10.098941,10.088941,10.06894,10.008941,9.918941,9.72894,9.39894,9.10894,8.77894,8.47894,8.168941,7.9089403,7.6789403,7.3989406,7.0989404,6.9189405,6.7089405,6.4189405,6.1989403,5.9789405,5.6589403,5.3589406,5.1789403,4.8989406,4.6389403,4.3189406,3.9289405,3.5489404,3.1189404,2.7089405,2.3789403,2.0789404,1.8289404,1.7789404,1.9089404,2.0189404,2.2689404,2.5789404,2.7389405,2.9389405,3.2689404,3.3889403,3.2689404,3.0889404,2.8589404,2.6989405,2.5189404,2.2789404,2.0389404,1.6489404,1.2189404,0.9189404
9.65894,9.628941,9.678941,9.678941,9.78894,9.82894,9.798941,9.558941,9.128941,8.72894,8.23894,7.7989407,7.52894,7.2089405,6.9489403,6.8289404,6.7889404,6.5989404,6.5589404,6.3789406,6.3189406,6.25894,6.0989404,5.8489404,5.50894,5.2689404,5.0889406,4.6789403,4.2189403,3.9589405,3.7089405,3.3989403,3.1389403,2.8389404,2.5989404,2.4689405,2.5789404,2.7289405,2.8389404,2.8489404,2.8189404,2.7389405,2.9589405,3.1689405,3.0889404,3.2689404,3.1789405,2.9589405,2.9189405,2.7589405,2.4989405,2.2889404,2.0989404,1.8689405,1.6089405,1.2989404,0.9789404
9.378941,9.27894,9.40894,9.51894,9.39894,8.9589405,8.418941,7.9689403,7.4789405,7.0889406,6.8289404,6.9589405,6.8489404,6.8089404,6.5789404,6.5189404,6.3189406,6.3089404,6.27894,6.2089405,6.1089406,6.0589404,5.8689404,5.7389402,5.6789403,5.4389405,5.3489404,5.0889406,4.8689404,4.5789404,4.3189406,4.1989403,4.1489406,4.0989404,3.9489405,3.7789404,3.6489403,3.5189404,3.5289404,3.3589404,3.3089404,3.3189404,3.3189404,3.2589405,3.1389403,2.8489404,2.7289405,2.6489403,2.4189405,2.1689405,2.0989404,2.1889405,2.0589404,1.6189405,1.3089404,0.9289404,0.69894046
9.088941,8.56894,8.18894,7.6589403,7.1089406,6.6789403,6.4689403,6.27894,5.6989403,5.0789404,4.7089405,5.1389403,5.9289403,6.4789405,6.8989406,7.0489407,7.1889405,7.27894,7.2089405,7.2089405,7.1589403,7.0889406,6.9689403,6.8089404,6.6989403,6.4889402,6.25894,6.0489407,5.77894,5.4589405,5.0489407,4.7889404,4.6689405,4.4589405,4.2689404,4.2889404,4.1989403,4.1089406,3.9089403,3.7189405,3.4789405,3.2289405,3.0189404,2.9489405,2.8489404,2.7589405,2.5289404,2.3089404,2.1889405,2.2989404,2.2289405,2.0189404,1.6389405,1.3389404,1.0489404,0.7289404,0.29894042
6.75894,6.27894,5.9089403,5.4189405,5.0389404,4.6989403,4.5789404,5.1389403,5.2089405,5.75894,6.0589404,6.6789403,7.0489407,7.1289406,7.2189403,7.5489407,7.7889404,7.8689404,7.8789406,7.8989406,7.8889403,7.8589406,7.7289405,7.5789404,7.3089404,7.0189404,6.7889404,6.5189404,6.3189406,6.0589404,5.7989407,5.50894,5.1789403,4.9189405,4.6589403,4.4489403,4.27894,4.1289406,4.02894,3.8689404,3.6389403,3.3589404,3.3089404,3.1689405,3.0789404,2.9489405,2.9489405,2.9689405,2.6089404,2.2289405,1.8789405,1.5689404,1.2189404,0.89894044,0.5389404,0.17894043,-0.13105957
4.6089406,4.27894,3.9789405,3.5489404,3.3689404,4.1889405,4.8589406,5.3489404,5.8089404,6.00894,5.8989406,6.2989407,6.9889402,7.52894,7.7889404,8.048941,8.348941,8.418941,8.43894,8.258941,8.098941,7.8689404,7.6489406,7.4489403,7.3689404,7.1689405,6.8589406,6.5789404,6.3489404,6.1489406,5.8389406,5.6689405,5.4689403,5.3189406,5.0589404,4.7889404,4.4789405,4.1889405,3.8989403,3.7489405,3.6589403,3.4989405,3.3189404,3.2189405,3.1389403,2.8989403,2.6389403,2.4489405,2.2289405,1.8989404,1.5989404,1.2089404,0.8189404,0.37894043,-0.07105957,-0.43105957,-0.90105957
2.8989403,2.5489404,1.7289405,3.0089405,3.7089405,4.3489404,4.2389402,4.4989405,4.1689405,4.0489407,5.2989407,6.6089406,7.1889405,7.7289405,7.9789405,7.8689404,7.4689403,7.3289404,7.3489404,7.2889404,7.4189405,7.4989405,7.27894,6.9589405,6.6289406,6.3789406,6.1189404,5.9089403,5.6589403,5.4089403,5.1889405,4.9789405,4.77894,4.5189404,4.2689404,4.0489407,3.8289404,3.5889404,3.3089404,3.2189405,3.0489404,2.8489404,2.6689405,2.4289405,2.1489403,1.8689405,1.5789404,1.2889404,0.9889404,0.63894045,0.21894044,-0.15105957,-0.55105954,-0.9410596,-1.2610595,-1.5910596,-1.9410596
0.9989404,2.2889404,2.8789403,3.1489403,3.2289405,3.3989403,3.4789405,3.5389404,2.0189404,1.0289404,3.3489404,6.5589404,7.1789403,7.75894,7.9689403,7.5789404,7.3789406,7.2289405,7.0689406,6.6489406,6.4389405,6.2989407,6.00894,5.6989403,5.4589405,5.3389406,5.2289405,5.1289406,4.9589405,4.7689404,4.5689406,4.3989406,4.0889406,3.6789405,3.3889403,3.1689405,2.8189404,2.4889405,2.2089405,1.9689404,1.7189404,1.4689404,1.2189404,0.9989404,0.7489404,0.46894044,0.22894043,-0.04105957,-0.29105958,-0.61105955,-1.0110595,-1.2910596,-1.4810596,-1.6310595,-1.8010596,-1.9910595,-2.1210597
2.3189404,3.0989404,2.7589405,1.5189404,0.34894043,1.8889405,3.1089404,4.0589404,0.5589404,1.6589404,0.7289404,2.9889405,4.9189405,6.4689403,6.7989407,6.52894,6.4089403,6.1789403,6.1989403,5.8789406,5.4189405,5.02894,4.5689406,4.1889405,3.8289404,3.5989404,3.5589404,3.5589404,3.3589404,3.3089404,3.3289404,3.1689405,2.8189404,2.5489404,2.2989404,2.2189405,1.8289404,1.5289404,1.1289405,0.70894045,0.36894044,0.23894043,0.18894044,0.06894043,-0.13105957,-0.27105957,-0.39105958,-0.49105957,-0.5710596,-0.73105955,-0.92105955,-1.1110595,-1.2810596,-1.4110596,-1.5710596,-1.8310596,-2.1210597
0.44894043,-1.5210595,-1.5910596,0.05894043,-0.24105957,0.7389404,0.6289404,0.18894044,0.008940429,0.27894044,1.3089404,3.1389403,4.8089404,5.8789406,6.4189405,6.3189406,6.4589405,5.8489404,5.2889404,5.2289405,5.0989404,4.6989403,3.9889405,3.1289403,2.4389405,1.9889405,1.8189404,1.3689405,1.0089405,0.9789404,1.4489404,1.8889405,2.1389403,1.9989405,1.5189404,1.1889404,0.8789404,0.31894043,0.09894043,0.10894043,-0.66105956,-0.7110596,-1.0810596,-1.0410596,-0.24105957,0.21894044,0.16894042,-0.25105956,-0.06105957,0.19894043,0.28894043,0.24894042,-0.20105956,-0.7510596,-1.1510596,-1.1310595,-1.0510596
0.6889404,-0.24105957,-0.02105957,0.6189404,0.8689404,-0.29105958,-0.18105957,-0.28105956,-0.8110596,-0.33105958,0.34894043,2.1189404,4.5989404,5.9389405,6.8189406,6.52894,6.2389402,6.4989405,6.6489406,6.4289403,5.9889402,6.0989404,6.25894,1.4089404,4.4189405,0.8789404,1.6789404,1.7989404,1.6989404,0.95894045,1.7789404,1.3789405,0.8789404,0.64894044,0.04894043,-0.22105958,0.03894043,-0.09105957,-0.43105957,-0.59105957,-0.19105957,-1.4410596,-0.12105957,2.3289404,2.5789404,1.4889405,2.7289405,2.2289405,1.9689404,1.6989404,0.75894046,0.17894043,0.30894044,0.17894043,-0.45105958,-0.46105957,-0.86105955
-1.3810595,0.40894043,0.10894043,-0.05105957,0.14894043,-0.55105954,0.32894042,0.03894043,0.51894045,0.63894045,1.5889404,1.4289404,1.8089404,3.6089404,4.5189404,6.2889404,5.4189405,6.2189403,7.1589403,7.7089405,7.4989405,6.7889404,5.8889403,4.8789406,1.7789404,0.9789404,0.8089404,-0.28105956,0.41894042,-0.27105957,-0.42105958,-0.15105957,-0.30105957,1.5789404,1.2589405,1.9389404,1.5489404,1.9589404,2.2389405,1.4989405,0.58894044,0.71894044,0.6189404,0.36894044,0.01894043,-0.9410596,-0.09105957,-2.0210595,-0.9310596,-1.5610596,-3.2410595,0.01894043,1.7789404,2.1489403,-0.36105958,-1.4210596,-0.7510596
-0.99105954,-1.5410596,-2.1010597,-2.8810596,-1.8610595,-0.59105957,-0.27105957,-0.03105957,-0.5710596,-0.84105957,-0.9410596,0.33894044,1.9089404,2.0989404,3.4489405,6.1589403,3.7389405,4.4489403,6.6089406,8.06894,8.338941,6.7989407,5.2189403,4.2189403,3.6989405,3.1489403,1.2789404,1.9889405,1.8489404,1.3289404,1.3389404,1.1589404,0.35894042,0.39894044,1.5789404,1.1789404,0.25894043,-0.09105957,-0.20105956,-0.07105957,0.45894042,0.20894043,0.50894046,-0.21105957,-1.1510596,-2.4110596,-1.9310596,-2.7110596,-0.73105955,0.6689404,2.0489404,1.9389404,0.9989404,0.50894046,-0.14105958,-1.4810596,-1.9510596
-1.8610595,-3.0910597,-3.3610597,-4.5310597,-1.4210596,-2.7810595,-1.9910595,0.13894042,0.008940429,-0.18105957,-1.8810595,-0.65105957,3.5389404,1.3189404,0.9789404,2.4189405,3.2989404,3.5089405,4.6789403,8.308941,8.7089405,6.8189406,5.1289406,2.5989404,1.1689404,2.3689404,1.1289405,1.6589404,1.1689404,1.0589404,0.01894043,-1.8710595,-0.5610596,0.9389404,-0.98105955,0.20894043,-2.6110597,-1.7510595,0.23894043,-0.65105957,-1.7510595,-2.5810595,-1.2210596,-1.0910596,-1.1410595,-0.7610596,-1.1010596,-1.5710596,-0.54105955,0.28894043,-0.23105957,0.07894043,2.3889403,0.47894043,-1.2410595,-1.4710596,-2.2410595
-3.8410597,-2.6210597,-1.1410595,-2.0110595,-3.6710596,-4.0310597,-5.0210595,-0.9310596,-3.9510596,-3.6410596,0.57894045,3.6389403,5.3989406,4.2089405,1.8089404,2.5789404,1.1489404,2.3289404,5.5489407,6.5189404,7.3789406,7.1089406,6.6189404,1.8789405,3.1989405,1.2289405,0.32894042,1.2989404,0.02894043,-0.34105957,-0.67105955,-0.6810596,-3.8210595,-2.5510595,-2.2510595,0.57894045,-1.5410596,-1.4410596,-1.7010596,-2.0010595,-3.7710595,-1.3610595,-0.02105957,-0.98105955,-0.35105956,-0.17105956,-1.1510596,-0.86105955,0.21894044,-1.7410595,-0.78105956,0.48894042,-0.37105957,1.1989404,-0.67105955,-0.17105956,2.5089405
