Particles/windmap/data/testWavesAutre.json
{"header": { "discipline":10, "disciplineName":"Oceanographic products", "gribEdition":2, "gribLength":53824, "center":7, "centerName":"US National Weather Service - NCEP(WMC)", "subcenter":0, "refTime":"2024-04-16T00:00:00.000Z", "significanceOfRT":1, "significanceOfRTName":"Start of forecast", "productStatus":0, "productStatusName":"Operational products", "productType":1, "productTypeName":"Forecast products", "productDefinitionTemplate":0, "productDefinitionTemplateName":"Analysis/forecast at horizontal level/layer at a point in time", "parameterCategory":0, "parameterCategoryName":"Waves", "parameterNumber":10, "parameterNumberName":"Primary_wave_direction", "parameterUnit":"degrees", "genProcessType":2, "genProcessTypeName":"Forecast", "forecastTime":0, "surface1Type":1, "surface1TypeName":"Ground or water surface", "surface1Value":1.0, "surface2Type":255, "surface2TypeName":"Missing", "surface2Value":0.0, "gridDefinitionTemplate":0, "gridDefinitionTemplateName":"Latitude_Longitude", "numberPoints":99631, "shape":6, "shapeName":"Earth spherical with radius of 6,371,229.0 m", "gridUnits":"degrees", "resolution":48, "winds":"true", "scanMode":0, "nx":301, "ny":331, "basicAngle":0, "subDivisions":0, "lo1":260.0, "la1":55.0, "lo2":310.0, "la2":0.0, "dx":0.166667, "dy":0.166667 }, "data":
[rows 165 to 197 of 331, columns 148 to 221 of 301]
108.47,107.35,106.19,105.13,104.87,104.93,105.03,104.93,105.33,106.59,107.8,109.34,110.39,110.49,110.11,110.24,110.42,110.28,110.35,109.91,109.12,108.05,107.07,106.11,104.91,103.77,103.17,103.68,104.35,105.49,107.02,107.73,107.79,108.06,107.69,107.0,106.05,104.99,104.09,103.41,103.05,102.65,102.23,101.93,99.43,98.87,98.1,97.22,96.55,96.24,96.64,14.42,14.07,13.0,80.14,78.74,76.56,73.8,70.93,68.5,66.26,65.15,65.64,67.04,67.42,65.9,88.56,86.3,83.49,79.63,"NaN","NaN","NaN","NaN"
108.1,107.31,106.49,105.57,105.2,105.15,104.87,104.49,104.13,104.49,105.22,106.33,107.56,108.13,108.08,108.11,108.83,109.04,108.63,108.12,107.37,106.45,105.77,105.06,104.09,102.77,101.68,101.37,101.53,101.99,103.08,104.18,104.77,105.72,105.73,105.54,105.24,104.86,104.48,103.89,103.43,103.17,102.85,100.55,100.06,99.58,98.84,97.76,96.58,95.44,94.66,8.48,5.93,5.13,73.7,72.73,71.11,68.41,65.86,63.98,62.68,61.84,62.6,64.85,67.28,92.45,90.51,87.98,85.48,82.51,"NaN","NaN","NaN","NaN"
107.04,106.29,105.49,104.84,104.48,104.37,104.21,103.97,103.47,102.99,102.97,103.58,104.82,105.82,106.2,106.28,106.97,108.09,108.52,108.33,107.65,106.43,105.11,104.07,103.44,102.82,101.96,101.05,100.62,100.67,100.93,101.53,102.09,102.3,103.61,103.85,104.14,104.43,104.59,104.42,103.85,103.44,101.5,101.19,100.98,100.6,99.88,98.85,97.56,95.96,94.24,93.19,4.13,1.44,67.71,64.67,61.01,58.05,56.52,55.85,55.78,56.06,57.1,59.41,63.37,93.5,92.47,90.3,87.78,85.78,"NaN","NaN","NaN","NaN"
106.29,105.73,104.98,104.17,103.52,103.14,102.96,102.68,102.26,101.7,101.41,101.75,102.72,104.03,104.91,105.24,105.61,106.47,107.6,108.27,108.36,107.76,106.58,105.26,104.22,103.5,102.91,102.09,101.35,101.09,101.0,101.2,101.56,101.85,102.05,102.39,102.74,102.98,104.51,104.48,104.28,102.37,102.15,102.13,102.02,101.52,100.74,99.73,98.47,97.06,95.47,93.56,92.13,69.13,62.94,56.29,50.06,45.88,45.3,47.7,48.93,49.18,49.52,51.09,55.68,92.26,91.92,91.11,89.57,88.45,"NaN","NaN","NaN","NaN"
106.2,105.96,105.4,104.65,103.95,103.44,103.07,102.53,101.88,101.26,100.82,101.0,101.61,102.56,103.63,104.3,104.79,105.53,106.49,107.47,108.25,108.38,107.85,106.86,105.75,104.83,104.2,103.51,102.63,102.19,102.04,102.02,102.18,102.41,102.65,102.9,103.11,103.4,103.54,103.33,103.23,103.16,103.13,103.08,102.83,102.25,101.43,100.36,99.1,97.82,96.63,95.37,93.55,91.38,65.78,57.6,49.71,43.04,39.31,40.22,42.53,43.16,42.89,43.75,47.52,88.69,88.91,89.04,88.97,88.57,"NaN","NaN","NaN","NaN"
105.59,106.21,106.28,105.88,105.15,104.53,104.12,103.74,103.17,102.41,101.69,101.27,101.4,101.88,102.69,103.3,103.91,104.82,105.74,106.91,108.14,108.66,108.49,107.82,106.79,105.79,105.08,104.7,103.94,103.19,102.98,102.85,102.86,102.85,102.84,104.41,104.57,104.92,105.34,103.84,103.88,103.99,103.98,103.82,103.47,102.95,102.15,101.13,99.95,98.73,97.58,96.54,95.48,93.97,91.83,65.0,56.85,47.98,39.99,37.24,37.64,38.05,38.16,39.16,84.31,84.29,84.65,85.08,85.42,85.48,"NaN","NaN","NaN","NaN"
104.11,105.79,106.85,107.03,106.5,105.79,105.26,104.84,104.35,103.68,102.9,102.14,101.75,101.96,102.4,102.73,103.13,103.96,104.84,106.07,107.62,108.5,108.84,108.62,107.9,106.92,105.96,105.5,105.07,104.18,103.75,103.58,103.48,103.34,104.63,104.53,104.59,104.72,104.99,103.67,104.06,104.29,104.42,104.42,104.23,103.79,103.05,102.08,100.97,99.81,98.67,97.51,96.37,95.11,93.56,69.37,62.62,53.73,44.4,38.25,35.59,35.44,35.88,37.51,80.11,79.76,79.87,80.34,80.94,81.39,"NaN","NaN","NaN","NaN"
102.87,105.12,106.83,107.48,107.44,106.96,106.35,105.79,105.19,104.57,103.86,103.04,102.46,102.36,102.35,102.36,102.48,103.02,103.87,104.91,106.44,107.87,108.57,108.87,108.54,107.79,106.92,106.22,105.77,105.03,104.39,104.14,103.99,105.34,105.08,104.81,104.68,104.63,104.79,103.4,103.87,104.34,104.71,104.86,104.78,104.35,103.66,102.78,101.83,100.79,99.69,98.46,97.12,95.7,94.14,70.21,64.57,56.92,48.42,41.18,37.24,36.47,36.29,76.7,75.47,74.65,74.78,75.59,76.48,77.38,"NaN","NaN","NaN","NaN"
102.15,104.35,106.04,106.87,107.15,107.03,106.56,105.99,105.39,104.85,104.23,103.57,102.99,102.57,102.23,101.88,101.66,101.88,102.61,103.34,104.55,106.44,107.51,107.98,108.15,107.81,107.19,106.58,105.93,105.27,104.62,104.32,104.13,105.61,105.32,104.79,104.36,104.28,104.46,102.89,103.38,104.07,104.58,104.78,104.65,104.27,103.79,103.17,102.32,101.37,100.33,99.17,97.79,96.26,94.45,69.89,64.84,58.49,51.58,44.83,41.14,39.77,75.63,73.47,71.26,69.9,69.95,70.63,71.81,73.15,"NaN","NaN","NaN","NaN"
101.74,103.49,104.64,105.31,105.73,105.87,105.74,105.35,104.92,104.56,104.15,103.59,102.95,102.31,101.78,101.21,100.77,100.71,101.16,101.66,102.27,104.17,105.64,106.49,106.7,106.78,106.6,106.08,105.41,104.8,104.32,103.96,105.36,105.4,105.25,104.68,104.05,103.79,101.87,102.3,102.85,103.42,103.78,103.96,103.99,103.91,103.57,102.94,102.17,101.25,100.24,99.15,97.88,96.3,94.39,92.15,65.05,59.95,54.33,48.91,45.97,76.65,74.33,71.56,68.18,65.44,64.51,64.74,65.62,66.98,"NaN","NaN","NaN","NaN"
101.56,102.68,103.23,103.55,103.97,104.33,104.54,104.46,104.13,103.74,103.39,102.83,102.17,101.54,100.86,100.26,99.93,99.83,99.92,100.16,100.17,101.12,102.84,104.24,104.99,105.17,105.12,104.76,104.33,103.89,103.46,104.94,104.67,104.47,104.42,104.25,103.83,103.49,101.37,101.59,101.86,102.13,102.46,102.73,102.86,102.8,102.41,101.79,101.08,100.23,99.17,98.02,96.85,95.43,93.71,91.67,89.21,61.27,56.86,81.2,78.76,76.46,74.09,70.94,66.74,62.84,60.31,59.45,59.79,60.71,"NaN","NaN","NaN","NaN"
101.44,101.9,102.09,102.3,102.67,103.05,103.35,103.48,103.15,102.57,102.13,101.81,101.14,100.46,99.75,99.23,99.06,99.1,99.01,98.88,98.53,98.21,99.5,101.06,102.32,102.97,103.14,103.12,103.04,102.83,104.56,104.46,104.24,103.84,103.58,103.51,103.26,102.91,102.56,100.22,100.24,100.4,100.67,100.85,100.84,100.6,100.15,99.49,98.69,97.75,96.77,95.75,94.69,93.64,92.39,90.65,88.45,85.93,83.29,81.05,78.85,76.71,74.41,71.34,67.49,63.73,60.41,58.02,57.21,58.1,"NaN","NaN","NaN","NaN"
100.92,100.89,100.95,101.19,101.4,101.7,102.03,102.24,102.13,101.49,100.72,100.28,99.97,99.22,98.64,98.24,98.1,98.16,98.1,97.85,97.3,96.35,96.47,97.67,99.0,100.14,100.92,101.39,101.61,103.8,103.94,104.0,103.91,103.55,103.0,102.48,102.07,101.56,101.05,100.65,98.32,98.3,98.39,98.45,98.25,97.89,97.36,96.51,95.55,94.54,93.54,92.7,92.02,91.46,90.6,89.12,87.08,84.83,82.74,80.68,78.6,76.7,74.76,72.11,68.87,65.6,62.71,60.42,59.25,59.65,"NaN","NaN","NaN","NaN"
99.58,99.4,99.34,99.39,99.41,99.6,99.99,100.46,100.79,100.7,99.97,98.95,98.38,98.17,97.84,97.31,97.05,97.05,97.08,96.95,96.55,95.69,94.86,95.01,96.32,97.67,98.97,99.89,102.66,102.94,103.13,103.15,103.09,102.69,101.96,101.03,100.28,99.74,99.27,98.91,98.63,96.04,95.9,95.84,95.75,95.28,94.59,93.83,92.9,91.85,90.89,90.11,89.47,88.88,88.1,86.89,85.46,84.04,82.37,80.23,78.29,76.61,74.91,72.69,69.98,67.04,64.68,63.09,61.92,61.62,"NaN","NaN","NaN","NaN"
97.47,97.29,97.13,96.94,96.9,97.08,97.51,98.21,99.04,99.68,99.84,99.29,98.39,97.69,97.14,96.54,96.24,96.2,96.12,96.08,95.95,95.57,94.8,94.11,94.53,95.74,97.12,98.35,101.55,101.9,102.05,102.07,101.84,101.5,100.85,99.96,98.92,98.06,97.56,97.17,96.91,94.12,93.85,93.69,93.63,93.3,92.58,91.71,90.78,89.74,88.78,87.97,87.28,86.67,86.0,85.37,84.63,83.42,81.67,79.86,78.35,76.94,75.32,73.47,71.23,68.8,66.84,65.44,64.38,63.84,63.9,64.81,66.28,68.02
95.04,94.9,94.67,94.52,94.54,94.79,95.33,96.23,97.45,98.59,99.41,99.82,99.59,98.75,97.58,96.44,95.59,95.39,95.06,94.75,94.81,95.23,95.2,94.72,94.48,95.08,95.99,97.02,100.49,101.12,101.54,101.84,101.95,101.83,101.34,100.35,98.93,97.44,96.4,95.77,95.45,92.63,92.39,92.21,92.03,91.94,91.56,90.75,89.82,88.93,88.1,87.35,86.64,86.02,85.38,84.75,83.93,82.7,81.34,80.04,78.82,77.59,76.26,74.81,73.02,71.0,69.46,68.4,67.87,67.57,67.72,68.25,68.97,69.82
92.12,92.56,92.45,92.51,92.71,93.06,93.7,94.6,95.82,97.2,98.52,99.52,99.96,99.77,98.97,97.45,95.44,94.08,93.5,92.89,92.84,93.5,94.53,95.06,95.15,95.37,96.03,96.98,100.51,101.23,101.76,102.27,102.61,102.63,102.25,101.43,100.1,98.26,96.4,95.14,91.9,91.51,91.28,91.16,90.99,90.67,90.32,89.86,89.24,88.62,87.95,87.3,86.62,85.97,85.37,84.71,83.93,83.11,82.29,81.22,80.12,78.93,77.74,76.54,75.03,73.34,71.8,70.81,70.48,70.4,70.82,71.18,71.25,71.18
90.2,90.19,90.54,90.6,90.93,91.39,92.01,92.86,93.9,95.36,97.0,98.5,99.54,99.87,99.55,98.52,96.47,93.92,92.25,91.28,90.78,90.76,91.76,93.16,94.09,94.7,95.45,99.04,99.76,100.41,101.0,101.49,101.92,102.18,102.09,101.67,100.77,99.32,97.2,95.29,91.49,90.71,90.27,89.97,89.55,89.03,88.54,88.11,87.62,87.16,86.68,86.19,85.74,85.5,85.41,85.31,85.0,84.59,83.99,82.97,81.79,80.57,79.36,78.11,76.64,75.01,73.43,72.25,71.64,71.66,71.89,72.09,71.97,71.63
88.84,88.22,88.89,88.83,88.94,89.36,90.01,90.83,91.78,93.19,94.88,96.76,98.33,99.18,99.38,99.04,97.96,95.92,93.61,91.79,90.3,89.25,89.14,89.91,90.95,91.87,95.49,96.46,97.4,98.26,99.07,99.81,100.53,101.12,101.57,101.6,101.07,99.98,97.99,95.71,91.37,90.01,89.11,88.35,87.62,87.03,86.54,86.11,85.67,85.21,84.69,84.32,84.14,84.42,84.9,85.23,85.39,85.24,84.65,83.77,82.67,81.47,80.18,78.81,77.54,76.23,74.9,73.83,72.99,72.66,72.5,72.3,72.1,71.87
86.04,87.18,87.84,89.12,89.18,88.89,88.71,88.9,89.72,90.81,92.38,94.23,96.33,97.74,98.49,98.74,98.55,97.79,96.24,94.4,92.44,90.62,89.07,88.35,88.65,91.73,92.68,93.93,95.17,96.25,97.3,98.36,99.36,100.2,100.91,101.39,101.29,100.46,98.86,96.43,91.59,89.44,87.96,86.83,85.96,85.29,84.77,84.46,84.03,83.41,82.73,82.27,82.06,82.27,82.79,83.26,83.67,84.05,83.64,82.89,81.71,80.26,79.01,77.99,77.27,76.4,75.55,74.75,74.11,73.6,73.23,72.85,72.41,72.2
85.87,85.87,85.66,87.91,88.38,88.74,88.53,88.03,88.2,88.68,89.86,91.25,93.25,95.35,96.65,97.4,97.93,98.17,97.83,96.82,95.42,93.64,91.79,90.05,90.54,90.67,91.35,92.29,93.5,94.65,95.79,97.01,98.31,99.52,100.43,101.12,101.31,100.73,99.61,95.16,92.38,89.6,87.36,85.76,84.77,84.17,83.68,83.27,82.84,82.2,81.4,80.5,79.68,79.28,79.31,79.32,79.94,80.51,80.18,79.25,78.04,76.97,76.31,76.03,75.9,75.59,75.16,74.74,74.39,74.1,73.66,73.24,72.94,72.83
70.5,61.86,62.59,58.14,46.64,86.15,85.81,87.21,86.95,87.27,87.85,88.67,89.8,91.8,93.64,94.91,95.82,96.77,97.54,97.7,97.15,95.98,94.37,92.62,92.16,91.3,91.12,91.5,92.38,93.53,94.77,95.97,97.18,98.54,99.63,100.48,101.06,100.75,99.97,95.96,93.36,90.7,88.11,85.92,84.4,83.53,82.99,82.45,81.85,81.11,80.28,79.01,77.52,76.48,75.89,75.57,75.9,75.88,75.24,74.25,73.49,73.26,73.38,73.85,74.24,74.37,74.25,74.2,74.15,74.2,74.12,74.03,73.94,73.79
69.16,67.48,68.71,61.18,87.9,86.9,84.61,85.58,85.38,85.96,86.57,87.17,87.61,88.63,90.37,91.96,93.14,94.26,95.6,96.68,96.93,96.6,95.68,94.97,93.84,92.72,91.88,91.58,91.83,92.68,93.79,95.03,96.1,97.2,98.42,99.29,100.11,100.5,99.89,98.95,94.46,92.01,89.65,87.36,85.27,83.68,82.52,81.6,80.68,79.75,78.88,77.47,75.72,74.41,73.31,72.48,71.91,71.16,70.39,69.8,69.68,70.14,71.03,71.97,72.6,72.98,73.23,73.38,73.72,74.25,74.72,74.85,74.8,74.81
66.43,65.22,89.43,89.37,88.59,87.76,86.19,84.95,84.48,84.8,85.61,86.38,86.82,87.21,88.26,89.78,91.27,92.29,93.32,94.58,95.54,95.7,95.45,95.37,94.74,94.04,93.3,92.67,92.45,92.62,93.19,94.12,95.12,95.93,97.06,98.02,98.82,99.56,99.75,99.32,95.61,93.69,91.41,88.98,86.66,84.58,82.85,81.46,80.06,78.85,77.76,76.4,74.58,73.02,71.25,69.67,68.46,67.55,67.03,66.83,67.15,67.99,69.07,70.12,70.99,71.66,72.3,72.91,73.56,74.24,74.88,75.31,75.59,75.75
65.34,62.88,89.01,88.89,88.55,88.55,87.5,86.65,85.39,84.17,84.62,85.59,86.32,86.68,87.2,88.31,89.67,90.72,91.52,92.61,93.83,94.45,94.5,95.16,95.03,94.74,94.35,93.92,93.58,93.41,93.43,93.79,94.45,95.07,95.85,96.92,97.81,98.63,99.35,96.51,96.46,95.84,94.34,92.27,90.14,88.15,86.38,84.63,82.66,80.63,78.83,77.06,75.08,72.79,70.57,68.46,66.7,65.78,64.99,64.71,65.13,65.82,66.71,67.93,69.34,70.64,71.82,73.02,73.98,74.78,75.5,76.12,76.58,76.7
85.59,61.94,85.33,87.19,87.14,87.62,88.12,88.81,88.27,85.44,85.09,84.87,85.5,86.12,86.36,87.04,87.92,89.04,90.03,91.19,92.5,93.5,93.92,95.14,95.27,95.16,94.87,94.52,94.21,94.0,93.89,93.93,94.24,94.7,95.14,95.99,96.98,97.94,98.86,96.01,96.76,97.24,96.93,95.92,94.4,92.63,90.93,89.2,87.15,84.66,82.31,80.04,77.59,74.71,72.0,69.17,66.6,64.71,63.27,62.31,61.96,62.24,63.24,64.79,66.72,68.79,70.8,72.43,73.86,75.03,75.91,76.53,76.98,77.11
72.03,84.54,84.89,84.73,85.2,86.78,88.6,89.67,89.96,87.85,86.5,84.48,84.13,84.94,85.32,86.0,86.92,88.09,89.37,90.56,91.77,92.85,93.58,95.31,95.5,95.5,95.25,94.92,94.64,94.44,94.33,94.27,94.4,94.7,95.01,95.52,96.36,97.34,98.34,95.3,96.46,97.34,97.68,97.3,96.44,95.2,93.7,92.17,90.56,88.59,86.08,83.75,81.29,78.21,74.72,71.24,68.05,64.8,62.24,60.58,59.66,59.51,60.13,61.56,63.68,66.04,68.48,70.67,72.45,73.97,75.19,76.09,76.71,77.08
69.55,67.74,65.51,81.71,83.65,86.37,87.19,88.59,89.22,87.8,85.5,83.17,84.52,85.46,86.11,86.82,87.61,88.49,89.42,90.28,91.16,92.08,92.96,95.08,95.36,95.53,95.54,95.35,95.12,94.95,94.77,94.65,94.68,94.85,95.11,95.5,96.13,96.99,97.93,94.41,95.65,96.62,97.09,97.16,96.91,96.28,95.25,94.05,92.73,91.18,89.08,86.89,84.5,81.56,78.0,74.41,70.72,67.09,63.8,61.43,60.14,59.74,59.93,60.47,61.56,63.76,66.41,68.74,70.64,72.32,73.85,75.27,70.41,71.5
67.93,68.53,77.86,76.14,77.46,80.38,81.35,84.04,87.04,87.35,88.81,83.65,86.39,86.39,87.17,87.61,88.12,88.57,89.0,89.52,90.11,90.83,91.79,94.39,94.73,94.99,95.19,95.26,95.19,95.03,94.82,94.7,94.7,94.88,95.14,95.48,95.99,96.69,97.54,93.65,94.76,95.58,96.2,96.71,96.97,96.94,96.62,95.8,94.61,93.18,91.31,89.09,86.62,83.97,80.72,77.41,74.17,70.95,67.44,64.47,62.63,61.9,61.78,62.06,62.6,63.81,65.6,67.46,69.27,71.02,65.09,66.75,68.52,70.29
63.65,62.09,56.85,38.0,30.31,27.57,58.43,49.69,"NaN",85.0,88.88,87.74,87.88,87.31,87.21,86.87,86.64,86.92,87.21,87.51,88.08,88.96,89.91,93.16,93.64,93.92,94.21,94.51,94.72,94.84,94.84,94.73,94.68,94.82,95.12,95.45,95.88,96.46,97.26,93.11,93.75,94.31,95.02,95.79,96.45,96.9,97.12,96.89,96.12,94.72,92.8,90.37,87.75,85.09,81.9,78.9,76.23,73.46,70.44,67.73,65.79,64.92,64.81,65.02,65.47,66.25,66.99,67.74,68.92,61.71,62.7,64.12,66.13,68.16
58.63,58.91,53.06,46.05,47.89,45.13,56.55,38.41,92.64,83.01,84.05,85.38,85.38,86.85,85.94,85.16,83.71,84.07,84.17,84.17,84.98,86.3,87.39,88.36,91.83,92.28,92.74,93.24,93.76,94.3,94.68,94.84,94.84,94.92,95.2,95.52,95.89,96.37,96.96,92.29,92.2,92.58,93.32,94.19,95.01,95.69,96.24,96.65,96.43,95.24,93.41,90.99,88.25,85.58,82.5,79.41,76.74,74.34,72.14,70.27,68.82,67.93,67.62,67.88,68.53,69.15,69.37,69.36,60.57,60.13,60.48,61.78,63.93,66.12
58.45,55.71,51.94,52.28,55.87,47.49,62.93,83.06,78.06,75.92,76.56,75.57,39.59,32.46,24.54,79.58,77.78,80.68,80.25,80.26,81.03,83.02,84.42,85.48,89.73,90.33,90.97,91.6,92.31,93.1,93.85,94.31,94.6,94.8,95.03,95.34,95.66,95.96,96.05,90.66,90.12,90.19,90.7,91.46,92.28,93.18,94.14,94.88,95.12,94.49,93.03,90.9,88.74,86.68,84.29,81.65,79.08,76.73,74.82,73.34,72.11,71.0,70.28,70.29,70.8,71.36,71.55,63.11,61.2,59.93,59.67,60.66,62.62,64.71
61.91,55.3,52.85,56.4,57.75,55.01,87.19,89.78,82.79,79.41,80.07,79.29,81.47,83.29,86.33,84.6,73.53,77.1,75.72,78.37,33.48,78.83,80.96,82.8,84.19,88.84,89.62,90.39,91.21,91.98,92.82,93.49,93.95,94.27,94.48,94.63,94.73,94.58,94.23,88.46,87.71,87.36,87.36,87.62,88.25,89.4,90.81,91.96,92.64,92.61,91.72,90.35,89.07,87.87,86.32,84.4,82.4,80.72,79.28,77.61,75.69,74.0,72.96,72.58,72.71,73.08,65.94,64.39,62.65,61.21,60.65,61.1,62.23,63.66
