Particles/windmap/data/testWavesAutre.json
{"header": { "discipline":10, "disciplineName":"Oceanographic products", "gribEdition":2, "gribLength":53824, "center":7, "centerName":"US National Weather Service - NCEP(WMC)", "subcenter":0, "refTime":"2024-04-16T00:00:00.000Z", "significanceOfRT":1, "significanceOfRTName":"Start of forecast", "productStatus":0, "productStatusName":"Operational products", "productType":1, "productTypeName":"Forecast products", "productDefinitionTemplate":0, "productDefinitionTemplateName":"Analysis/forecast at horizontal level/layer at a point in time", "parameterCategory":0, "parameterCategoryName":"Waves", "parameterNumber":10, "parameterNumberName":"Primary_wave_direction", "parameterUnit":"degrees", "genProcessType":2, "genProcessTypeName":"Forecast", "forecastTime":0, "surface1Type":1, "surface1TypeName":"Ground or water surface", "surface1Value":1.0, "surface2Type":255, "surface2TypeName":"Missing", "surface2Value":0.0, "gridDefinitionTemplate":0, "gridDefinitionTemplateName":"Latitude_Longitude", "numberPoints":99631, "shape":6, "shapeName":"Earth spherical with radius of 6,371,229.0 m", "gridUnits":"degrees", "resolution":48, "winds":"true", "scanMode":0, "nx":301, "ny":331, "basicAngle":0, "subDivisions":0, "lo1":260.0, "la1":55.0, "lo2":310.0, "la2":0.0, "dx":0.166667, "dy":0.166667 }, "data":
[rows 198 to 230 of 331, columns 148 to 221 of 301]
61.92,57.43,61.06,70.42,80.68,78.48,83.67,80.34,78.12,78.51,76.74,74.3,71.97,70.35,75.34,75.88,69.35,74.77,71.73,31.3,26.17,76.94,78.54,80.4,81.78,87.34,88.53,89.46,90.36,91.12,91.85,92.59,93.07,93.3,93.33,93.15,92.76,92.28,87.15,85.95,84.96,84.13,83.41,83.05,83.49,84.74,86.53,88.07,89.16,89.58,89.4,89.13,88.92,88.31,87.23,86.16,85.34,84.44,82.99,80.77,78.36,76.38,75.18,74.66,74.62,67.68,67.03,65.9,64.51,63.28,62.6,62.6,63.01,63.81
56.17,59.03,64.65,73.23,75.66,77.74,81.53,80.1,76.09,70.3,69.92,69.43,70.11,71.79,72.76,71.04,65.1,22.34,3.45,78.96,82.86,"NaN",78.18,77.22,79.23,85.11,87.12,88.66,89.51,90.2,90.73,91.18,91.47,91.47,91.16,90.6,90.05,89.72,84.34,83.17,81.99,80.75,79.44,78.57,78.71,79.72,81.43,83.19,84.57,85.67,86.58,87.36,87.83,87.85,87.87,87.8,87.37,86.38,84.84,82.86,80.44,78.38,77.19,76.69,69.4,68.74,68.28,67.58,66.62,65.83,65.25,64.92,64.82,65.18
52.01,57.92,65.61,71.65,76.73,74.87,75.62,73.08,70.38,67.02,67.34,65.64,66.86,70.38,71.36,78.37,77.46,81.49,94.09,93.55,84.59,76.74,70.07,77.61,84.88,77.71,86.11,87.6,88.43,88.75,88.96,89.02,88.97,88.71,88.28,87.81,87.47,82.5,81.43,80.35,79.19,77.76,76.05,74.79,74.45,74.98,76.4,78.24,80.13,82.0,83.71,85.08,86.3,87.47,88.3,88.42,87.71,86.69,85.57,84.34,82.6,80.76,79.44,71.51,70.46,69.81,69.48,69.09,68.58,68.36,68.04,67.61,67.28,67.32
50.0,56.57,64.76,72.06,73.24,74.89,73.64,68.19,66.71,64.4,64.61,64.73,66.82,66.91,77.04,86.98,90.35,96.5,88.85,88.67,87.84,89.09,84.85,82.95,80.29,84.67,82.23,86.29,86.76,86.69,86.65,86.5,86.24,86.04,85.92,85.85,81.1,80.15,78.96,77.92,76.92,75.49,73.77,72.26,71.54,71.9,72.98,74.76,76.91,79.14,81.36,83.53,85.68,87.31,87.95,87.78,87.34,86.65,85.76,85.12,84.44,83.28,81.95,73.05,71.75,71.05,70.52,70.09,69.83,69.96,70.07,70.0,69.9,69.95
49.03,55.18,62.61,68.9,72.6,70.09,68.64,63.25,62.68,60.47,59.8,61.77,65.33,75.59,93.79,86.52,90.99,90.85,93.47,86.65,92.55,97.34,88.51,86.45,83.44,87.95,77.94,84.78,79.34,78.53,78.32,78.23,78.31,78.79,79.27,79.44,79.07,78.28,77.22,76.16,75.17,73.95,72.67,71.43,70.66,70.67,71.33,72.81,74.97,77.62,80.58,83.48,85.62,86.74,87.07,87.19,87.15,86.77,86.13,85.56,85.4,78.16,76.48,74.76,73.43,72.52,71.49,70.75,70.51,70.66,70.87,71.22,71.55,71.8
54.14,56.04,62.1,66.8,69.29,65.76,65.49,63.37,57.73,51.98,40.53,"NaN","NaN","NaN",98.91,91.28,93.3,92.14,87.56,89.18,91.27,88.79,97.94,85.28,85.07,87.38,74.23,77.19,75.94,75.0,74.66,74.75,75.33,76.04,76.58,76.81,76.72,76.29,75.64,74.83,73.89,72.89,72.15,71.43,71.1,70.97,71.4,72.71,74.88,77.87,81.0,83.92,84.62,84.87,84.98,84.97,84.57,86.9,86.54,85.9,79.38,78.06,76.95,75.86,74.76,73.62,72.32,71.44,71.14,70.97,70.96,71.3,71.77,72.2
59.58,62.76,66.81,69.75,71.35,68.97,68.6,60.62,54.04,54.23,39.1,"NaN","NaN","NaN",91.52,88.98,87.88,87.61,87.24,86.53,85.88,85.15,83.07,80.8,80.97,82.83,72.37,74.24,72.18,70.76,70.04,70.23,71.34,72.93,73.66,74.27,74.77,74.76,74.28,73.66,72.82,71.95,71.47,71.59,71.89,72.26,72.85,74.18,76.24,80.61,81.55,82.22,82.82,83.38,83.79,83.88,83.68,83.21,82.35,80.91,79.01,77.25,76.14,75.45,74.78,73.84,72.96,72.39,72.11,71.82,71.61,71.5,71.58,71.91
65.78,67.08,69.49,69.09,70.49,71.02,67.75,68.86,67.36,89.26,98.06,95.53,90.84,88.17,84.84,83.82,83.15,85.67,85.43,84.78,83.54,82.66,82.73,81.67,80.5,80.21,78.84,71.08,68.1,65.48,63.6,62.69,64.17,67.18,72.66,73.64,74.14,73.88,73.22,72.59,71.83,71.02,70.48,70.8,71.97,73.12,74.16,75.36,78.79,79.06,79.42,80.12,80.98,81.7,82.18,82.53,82.77,82.6,81.9,80.65,78.91,76.89,75.36,74.52,74.11,73.74,73.53,73.43,73.39,73.24,73.01,72.72,72.58,72.62
"NaN","NaN","NaN",69.02,68.31,69.38,71.07,73.72,77.03,83.1,85.91,86.02,85.0,83.61,82.26,81.59,81.09,80.94,81.01,81.09,81.03,80.91,79.53,80.55,79.61,78.46,76.68,69.15,65.59,61.98,58.22,51.67,44.03,65.74,76.5,74.68,74.1,73.08,72.23,71.55,70.89,70.13,69.55,69.66,70.76,72.31,73.68,76.57,76.61,76.84,77.44,78.34,79.31,80.23,81.09,81.82,82.17,82.01,81.31,80.22,78.83,77.23,75.69,74.65,74.18,74.14,74.33,74.6,74.82,74.92,74.97,74.89,74.71,74.46
"NaN","NaN","NaN","NaN","NaN",66.93,68.63,73.65,77.99,78.33,78.36,77.95,77.48,77.14,77.01,76.89,76.72,76.77,76.98,78.14,78.02,77.34,76.35,75.34,77.61,76.47,75.23,69.06,66.34,63.88,61.34,57.06,52.78,86.41,81.6,76.77,74.28,72.22,71.03,70.42,70.04,69.54,69.12,69.06,69.71,71.05,73.84,74.12,74.49,75.07,75.95,77.08,78.31,79.51,80.57,81.25,81.4,81.06,80.29,79.38,78.43,77.49,76.51,75.71,75.29,75.32,75.59,75.99,76.4,76.72,76.85,76.85,76.63,76.26
"NaN","NaN","NaN","NaN","NaN","NaN",71.28,75.52,75.83,75.23,71.86,71.71,71.82,72.32,73.12,73.46,73.07,72.88,73.65,73.86,74.1,73.98,73.33,72.26,71.21,74.54,74.06,69.6,68.47,67.95,68.27,69.52,74.05,81.79,80.29,77.43,74.08,71.56,70.04,69.48,73.35,72.78,72.2,71.64,71.24,71.16,71.44,71.95,72.58,73.43,74.73,76.19,77.54,78.69,79.52,79.93,79.93,79.53,78.94,78.3,77.63,77.08,76.7,76.43,76.29,76.39,76.68,77.09,77.52,77.84,78.0,77.98,77.77,77.38
"NaN","NaN","NaN","NaN","NaN","NaN","NaN",73.3,70.47,69.65,67.62,68.11,69.34,69.38,70.06,70.62,69.68,68.98,69.34,69.79,70.29,70.31,70.72,70.15,68.91,72.4,72.82,73.06,69.99,69.92,70.66,71.72,73.9,76.4,76.48,75.21,73.15,74.01,72.81,72.07,71.5,71.0,70.59,70.17,69.63,69.24,69.19,69.54,70.24,71.55,73.11,74.56,75.81,76.82,77.48,77.85,77.9,77.71,77.43,76.96,76.36,75.98,75.97,76.12,76.34,76.63,77.0,77.44,77.87,78.19,78.41,78.5,78.46,78.23
"NaN","NaN","NaN",88.41,92.52,89.75,85.28,74.29,68.02,65.18,64.2,64.06,63.92,63.56,59.26,"NaN",74.81,73.61,65.55,65.78,66.07,66.12,66.31,68.69,67.68,71.86,73.64,72.95,70.74,70.0,70.01,70.28,70.64,71.36,72.06,72.07,73.53,72.37,71.23,70.34,69.48,69.04,68.73,68.28,67.69,67.15,66.74,66.82,67.71,69.1,70.46,71.76,72.97,73.98,74.66,75.11,75.37,75.53,75.6,75.45,75.23,75.2,75.29,75.48,75.8,76.25,76.78,77.31,77.8,78.23,78.58,78.79,78.86,78.83
92.63,88.21,82.93,75.24,70.16,71.07,67.57,63.64,60.98,58.57,56.09,49.72,"NaN","NaN","NaN","NaN","NaN","NaN",61.74,60.84,59.34,54.47,"NaN","NaN","NaN","NaN","NaN","NaN",74.39,68.55,66.65,65.75,66.45,66.54,67.18,67.84,70.33,69.98,69.13,68.23,67.5,67.05,66.62,66.0,65.27,64.57,64.01,64.07,64.9,65.98,67.2,68.5,69.69,70.69,71.52,72.22,72.78,73.19,73.49,73.86,74.3,74.6,74.69,74.79,75.04,75.46,76.02,76.63,77.17,77.63,77.99,78.27,78.51,78.66
82.88,78.39,74.29,70.72,63.96,59.97,56.77,53.34,50.61,48.18,42.3,32.64,"NaN","NaN","NaN","NaN","NaN","NaN","NaN","NaN","NaN","NaN","NaN","NaN","NaN","NaN","NaN","NaN","NaN","NaN","NaN",38.38,"NaN",64.83,63.66,62.81,65.02,66.85,67.35,66.4,65.53,64.98,64.34,63.48,62.48,61.55,61.01,61.08,61.57,62.4,63.57,64.94,66.3,67.5,68.61,69.58,70.32,70.81,71.13,71.7,72.43,72.98,73.28,73.53,73.78,74.12,74.53,75.02,75.52,75.98,76.47,77.1,77.66,77.96
79.19,75.93,72.26,65.53,60.31,55.79,51.53,47.13,41.33,36.85,29.57,18.04,15.01,6.92,308.52,"NaN","NaN","NaN","NaN","NaN","NaN","NaN","NaN","NaN","NaN","NaN","NaN","NaN","NaN","NaN","NaN","NaN","NaN",66.79,63.0,67.32,66.79,63.73,64.53,65.12,63.79,62.84,61.89,60.72,59.45,58.38,57.83,57.76,58.02,58.71,59.77,61.06,62.44,63.85,65.34,66.66,67.68,68.42,68.86,69.26,69.81,70.42,70.96,71.44,71.85,72.23,72.5,72.77,73.2,73.78,74.51,75.4,76.21,76.77
74.63,71.6,67.5,61.5,55.99,51.11,45.71,40.21,34.19,27.47,20.82,9.51,343.99,342.32,313.43,287.25,"NaN","NaN","NaN","NaN","NaN","NaN","NaN","NaN","NaN","NaN","NaN","NaN","NaN","NaN","NaN","NaN","NaN","NaN",47.4,"NaN",49.56,64.07,64.34,63.43,62.15,60.7,59.49,58.14,56.76,55.6,54.94,54.85,55.15,55.65,56.43,57.42,58.62,60.14,61.82,63.4,64.78,65.94,66.82,67.39,67.73,68.01,68.43,68.99,69.6,70.18,70.6,70.86,71.04,71.31,71.87,72.77,73.78,74.63
71.16,67.79,63.51,58.4,53.19,47.67,41.49,34.8,28.21,21.96,15.77,8.06,356.53,321.1,311.21,297.66,"NaN","NaN","NaN","NaN","NaN","NaN","NaN","NaN","NaN","NaN","NaN","NaN","NaN","NaN","NaN","NaN","NaN","NaN","NaN",70.35,71.17,66.04,59.43,60.73,60.01,58.66,57.31,55.99,54.8,53.68,52.89,52.73,52.92,53.3,53.89,54.68,55.69,57.02,58.6,60.25,61.81,63.26,64.55,65.55,66.13,66.43,66.69,67.08,67.56,68.08,68.77,69.28,69.21,68.92,69.14,69.9,70.92,71.86
69.61,65.87,61.38,56.27,50.6,44.23,37.29,30.3,24.39,19.0,13.43,6.53,354.01,315.71,316.24,310.53,"NaN","NaN","NaN","NaN","NaN","NaN","NaN","NaN","NaN","NaN","NaN","NaN","NaN","NaN","NaN","NaN","NaN","NaN","NaN","NaN","NaN","NaN","NaN",54.85,58.47,54.69,54.37,54.6,53.24,52.1,51.36,51.09,51.19,51.6,52.19,52.94,53.84,54.85,56.08,57.46,58.95,60.38,61.67,62.79,63.65,64.22,64.73,65.28,65.85,66.14,66.27,67.68,67.69,67.17,67.08,67.44,68.17,69.16
69.53,65.83,61.46,55.09,48.15,40.18,31.76,26.51,21.78,16.93,13.65,8.04,324.09,"NaN","NaN",331.33,308.42,"NaN","NaN","NaN","NaN","NaN","NaN","NaN","NaN","NaN","NaN","NaN","NaN","NaN","NaN","NaN","NaN","NaN","NaN","NaN","NaN","NaN","NaN","NaN","NaN",58.33,52.29,53.73,51.79,50.11,49.34,49.15,49.32,49.63,50.12,50.8,51.47,52.27,53.28,54.43,55.58,56.68,57.67,58.51,58.99,59.29,59.72,60.9,64.11,67.26,65.03,66.01,66.34,65.88,65.32,65.07,65.38,66.27
71.4,69.72,66.27,51.89,42.75,29.63,23.5,21.47,17.6,15.22,13.27,9.65,323.28,306.01,296.54,302.36,318.28,283.4,"NaN","NaN","NaN","NaN","NaN","NaN","NaN","NaN","NaN","NaN","NaN","NaN","NaN","NaN","NaN","NaN","NaN","NaN","NaN","NaN","NaN","NaN","NaN","NaN",54.27,53.36,50.09,46.77,44.13,43.9,46.44,47.82,47.43,30.38,29.72,31.03,31.97,32.67,33.29,34.02,34.82,35.71,36.5,37.06,36.53,22.35,27.0,39.19,58.55,67.63,65.8,65.11,64.28,63.54,62.45,63.36
125.62,127.18,125.86,58.63,45.6,25.78,"NaN","NaN","NaN","NaN","NaN","NaN","NaN",309.78,298.95,291.46,"NaN","NaN","NaN","NaN","NaN","NaN","NaN","NaN","NaN","NaN","NaN","NaN","NaN","NaN","NaN","NaN","NaN","NaN","NaN","NaN","NaN","NaN","NaN","NaN","NaN","NaN",60.64,52.33,46.13,33.26,45.47,29.17,22.21,15.36,"NaN",32.52,21.97,23.36,25.31,28.83,32.09,34.65,36.96,36.5,34.7,18.22,10.44,5.44,358.7,61.33,74.83,64.8,66.73,65.41,66.68,70.22,68.69,66.35
122.51,122.95,124.38,122.31,122.79,125.67,"NaN","NaN","NaN","NaN","NaN","NaN","NaN","NaN","NaN","NaN","NaN","NaN","NaN","NaN","NaN","NaN","NaN","NaN","NaN","NaN","NaN","NaN",132.83,"NaN","NaN","NaN",123.04,127.13,130.16,132.8,141.44,146.6,162.49,"NaN","NaN",69.87,59.58,57.19,49.83,30.76,25.27,16.03,1.97,"NaN","NaN","NaN","NaN","NaN","NaN","NaN","NaN","NaN","NaN",16.11,20.7,18.25,358.35,351.78,119.56,79.67,69.73,62.78,65.47,64.37,66.29,64.42,61.0,64.72
122.51,122.17,123.35,121.19,120.31,120.45,121.84,126.46,"NaN","NaN",137.7,122.16,127.8,130.58,"NaN","NaN","NaN",125.27,132.09,134.92,153.15,"NaN","NaN","NaN","NaN","NaN",113.96,115.15,113.09,115.41,115.3,115.43,115.68,116.29,119.9,121.21,122.66,129.94,142.67,138.75,83.59,66.55,59.74,53.2,30.86,21.84,20.02,14.78,350.98,"NaN","NaN","NaN","NaN","NaN","NaN","NaN","NaN","NaN",158.97,136.53,93.57,67.92,80.52,82.22,115.36,116.03,65.11,63.83,61.55,59.12,55.86,26.24,21.74,14.16
122.62,122.3,121.4,120.09,118.22,117.1,117.31,119.1,120.64,120.67,121.1,121.27,120.46,121.86,121.91,122.02,122.36,122.82,127.41,129.76,140.66,143.99,"NaN","NaN","NaN","NaN",111.61,112.48,111.55,110.38,110.44,111.12,111.76,112.28,114.63,114.94,114.63,113.49,110.89,82.28,70.21,61.13,35.81,32.36,25.38,22.97,17.96,9.7,348.54,"NaN","NaN","NaN","NaN","NaN","NaN","NaN","NaN",124.48,124.02,122.41,114.99,101.32,109.39,78.75,77.62,108.0,64.12,61.2,58.12,55.32,33.87,25.22,20.06,115.04
121.18,121.21,120.14,118.77,117.09,115.45,114.17,113.92,115.17,115.6,116.59,118.25,116.98,117.28,117.33,117.61,118.27,119.12,122.27,124.18,134.41,136.1,150.55,"NaN","NaN",105.69,107.16,107.95,107.79,107.06,107.04,107.58,107.86,107.88,109.21,108.7,107.46,104.97,100.36,75.14,67.64,61.89,34.23,31.37,25.5,22.66,15.62,7.57,4.83,121.63,122.55,122.25,125.24,123.63,123.93,123.18,121.97,122.94,122.45,119.67,110.28,103.47,80.3,77.68,74.72,101.71,62.86,58.31,37.16,34.85,25.36,36.41,86.07,104.22
119.4,119.6,118.9,117.58,115.98,114.25,112.49,111.4,111.82,112.34,112.71,113.58,113.14,112.7,112.36,112.54,113.09,113.59,115.41,116.53,118.6,121.16,120.55,104.3,103.8,101.49,102.55,102.95,103.68,103.99,104.12,104.12,103.95,103.63,102.86,103.16,101.29,98.26,78.24,72.55,67.73,37.67,34.48,31.25,27.07,22.86,16.67,9.57,19.57,116.13,118.49,119.79,121.15,121.35,121.45,121.42,120.9,120.63,119.88,118.11,111.71,109.38,110.03,107.16,100.14,104.05,106.02,107.22,106.7,108.19,109.31,107.93,76.16,86.96
117.1,117.66,117.26,116.01,114.44,112.78,110.96,109.14,108.76,109.13,109.57,109.65,109.1,108.29,107.38,106.84,106.86,107.01,107.63,107.45,106.98,106.33,102.8,100.64,99.48,98.86,99.11,99.7,100.42,100.8,100.74,100.48,100.1,99.56,98.64,98.53,96.33,93.41,89.65,72.31,69.31,37.55,34.7,31.63,28.18,24.14,19.57,14.62,36.9,112.05,114.41,115.85,116.75,117.3,117.65,117.95,118.21,118.14,117.41,112.93,111.9,111.05,110.77,114.49,111.75,105.48,107.52,107.63,109.44,111.83,114.36,116.72,71.98,82.77
114.93,115.51,115.33,114.37,112.87,111.22,109.34,107.36,106.23,106.29,106.43,106.52,105.84,104.36,102.88,101.42,100.57,100.33,100.05,99.69,99.12,98.58,97.97,97.89,95.88,95.95,95.87,96.46,96.93,97.18,97.15,96.84,96.25,95.45,94.51,94.47,92.52,89.65,86.36,83.23,40.4,37.77,35.18,32.58,29.87,26.71,23.44,75.98,105.9,109.25,111.35,112.76,113.79,114.52,115.07,115.61,115.92,112.39,111.8,110.98,110.28,109.82,109.34,111.34,108.65,106.33,106.55,108.37,111.35,114.45,117.26,120.87,125.19,63.81
113.5,113.83,113.7,112.99,111.69,109.96,107.93,105.75,104.05,103.72,103.56,103.46,102.7,101.21,98.97,97.16,95.66,94.88,93.79,93.62,93.71,93.44,92.92,93.03,92.8,92.31,92.43,92.62,92.85,93.11,93.23,93.02,92.41,91.5,90.5,90.32,89.01,86.69,83.89,81.37,79.9,38.38,36.13,34.06,32.19,30.22,77.6,100.93,104.81,107.4,109.32,110.89,112.13,112.9,113.34,110.33,110.45,110.26,109.67,108.8,107.87,107.09,106.27,104.9,106.53,105.73,106.46,108.67,111.85,114.88,117.25,119.7,124.1,127.11
111.86,112.35,112.37,111.71,110.48,108.79,106.84,104.44,102.21,101.24,100.66,100.25,99.54,97.88,95.78,92.85,91.04,90.0,89.81,88.33,88.5,88.61,88.69,88.77,85.59,88.63,88.48,88.3,88.21,88.38,88.74,88.97,88.76,88.08,87.1,86.43,85.5,83.96,82.06,80.49,79.78,79.88,37.46,36.02,35.0,92.33,97.22,101.32,104.33,106.39,108.08,109.66,110.94,111.56,108.45,108.49,108.44,108.14,107.57,106.54,105.18,103.83,102.61,101.8,101.58,105.76,106.87,108.82,111.68,114.56,116.49,118.02,120.86,123.48
109.94,110.74,110.96,110.39,109.24,107.7,105.82,103.45,100.8,98.99,97.82,96.98,96.3,95.0,92.67,88.91,86.49,84.88,84.72,83.31,83.9,84.3,84.48,84.77,81.51,85.09,84.82,84.48,84.16,84.06,84.38,84.94,85.3,85.19,84.49,83.4,82.75,81.85,80.78,79.87,79.65,80.37,82.21,85.13,89.2,95.22,98.0,101.42,103.88,105.62,107.13,108.61,109.69,110.08,106.87,106.71,106.61,106.39,105.91,104.71,102.87,101.0,99.77,99.63,100.66,105.9,107.49,109.29,111.63,113.94,115.48,116.31,117.78,119.33
108.13,109.06,109.49,109.2,108.25,106.79,104.86,102.65,99.82,97.25,95.62,94.26,93.28,92.37,90.76,87.17,84.73,82.86,82.29,80.36,80.61,80.96,81.23,81.4,81.68,81.88,81.82,81.69,81.51,81.3,81.16,81.39,81.93,82.28,80.82,80.77,80.47,79.95,79.36,78.91,79.03,80.25,82.65,87.7,91.54,95.33,98.03,100.88,102.97,104.66,106.15,107.42,108.19,105.67,105.53,105.38,105.35,105.35,105.04,103.88,101.86,99.79,98.65,98.7,100.08,102.47,107.73,109.76,111.9,113.72,114.62,114.7,115.18,115.89
