Particles/windmap/data/test.json
{"header": { "discipline":0, "disciplineName":"Meteorological products", "gribEdition":2, "gribLength":79234, "center":7, "centerName":"US National Weather Service - NCEP(WMC)", "subcenter":0, "refTime":"2024-04-10T00:00:00.000Z", "significanceOfRT":1, "significanceOfRTName":"Start of forecast", "productStatus":0, "productStatusName":"Operational products", "productType":1, "productTypeName":"Forecast products", "productDefinitionTemplate":0, "productDefinitionTemplateName":"Analysis/forecast at horizontal level/layer at a point in time", "parameterCategory":2, "parameterCategoryName":"Momentum", "parameterNumber":3, "parameterNumberName":"V-component_of_wind", "parameterUnit":"m.s-1", "genProcessType":2, "genProcessTypeName":"Forecast", "forecastTime":0, "surface1Type":103, "surface1TypeName":"Specified height level above ground", "surface1Value":10.0, "surface2Type":255, "surface2TypeName":"Missing", "surface2Value":0.0, "gridDefinitionTemplate":0, "gridDefinitionTemplateName":"Latitude_Longitude", "numberPoints":65160, "shape":6, "shapeName":"Earth spherical with radius of 6,371,229.0 m", "gridUnits":"degrees", "resolution":48, "winds":"true", "scanMode":0, "nx":360, "ny":181, "basicAngle":0, "lo1":0.0, "la1":90.0, "lo2":359.0, "la2":-90.0, "dx":1.0, "dy":1.0 }, "data":
[rows 0 to 25 of 181, columns 57 to 113 of 360]
-7.5210595,-7.5610595,-7.6010594,-7.6410594,-7.6810594,-7.72106,-7.7510595,-7.7810597,-7.8110595,-7.8310595,-7.8510594,-7.8710594,-7.8910594,-7.9110594,-7.9210596,-7.9310594,-7.9410596,-7.9410596,-7.9510593,-7.9510593,-7.9510593,-7.9410596,-7.9410596,-7.9310594,-7.9210596,-7.9010596,-7.8910594,-7.8710594,-7.8510594,-7.8310595,-7.8010597,-7.7710595,-7.74106,-7.7110596,-7.6810594,-7.6410594,-7.6010594,-7.5610595,-7.5110598,-7.47106,-7.4210596,-7.3710594,-7.3110595,-7.2610598,-7.2010593,-7.1410594,-7.0810595,-7.0110598,-6.9510593,-6.8810596,-6.8110595,-6.74106,-6.6610594,-6.5810595,-6.5110598,-6.4210596,-6.3410597
-7.7610598,-7.8610597,-7.9610596,-8.05106,-8.13106,-8.21106,-8.27106,-8.321059,-8.38106,-8.43106,-8.47106,-8.50106,-8.531059,-8.55106,-8.571059,-8.571059,-8.581059,-8.581059,-8.571059,-8.56106,-8.531059,-8.51106,-8.47106,-8.441059,-8.401059,-8.361059,-8.31106,-8.26106,-8.201059,-8.14106,-8.071059,-8.01106,-7.9310594,-7.8610597,-7.7810597,-7.7110596,-7.6310596,-7.5610595,-7.4810596,-7.4110594,-7.3210597,-7.2510595,-7.1610594,-7.0810595,-7.0110598,-6.9210596,-6.8510594,-6.7610598,-6.6810594,-6.5910597,-6.5010595,-6.4110594,-6.3210597,-6.22106,-6.1310596,-6.0210595,-5.9310594
-6.9010596,-7.0410595,-7.1910596,-7.3410597,-7.49106,-7.6410594,-7.7810597,-7.9010596,-8.02106,-8.14106,-8.241059,-8.34106,-8.42106,-8.50106,-8.56106,-8.611059,-8.661059,-8.691059,-8.72106,-8.73106,-8.741059,-8.741059,-8.71106,-8.691059,-8.661059,-8.611059,-8.56106,-8.50106,-8.43106,-8.371059,-8.321059,-8.25106,-8.191059,-8.13106,-8.081059,-8.01106,-7.9610596,-7.8910594,-7.8110595,-7.7310596,-7.6510596,-7.5710597,-7.4810596,-7.4010596,-7.3010597,-7.2010593,-7.1110597,-7.0110598,-6.8910594,-6.7710595,-6.6410594,-6.5110598,-6.3910594,-6.2610598,-6.1510596,-6.0310597,-5.9110594
-6.5110598,-6.6510596,-6.7910595,-6.9310594,-7.0710597,-7.22106,-7.3610597,-7.5110598,-7.6710596,-7.8310595,-7.99106,-8.161059,-8.30106,-8.411059,-8.51106,-8.59106,-8.661059,-8.72106,-8.75106,-8.781059,-8.821059,-8.871059,-8.911059,-8.941059,-8.97106,-8.941059,-8.901059,-8.84106,-8.781059,-8.701059,-8.63106,-8.55106,-8.46106,-8.371059,-8.281059,-8.21106,-8.151059,-8.081059,-8.02106,-7.9510593,-7.8910594,-7.8310595,-7.7810597,-7.7010593,-7.6210594,-7.5310597,-7.4110594,-7.2810597,-7.2010593,-7.1310596,-7.0510597,-6.9810596,-6.9210596,-6.8410597,-6.7310596,-6.6010594,-6.3910594
-5.6110597,-5.8310595,-6.0210595,-6.1810594,-6.3510594,-6.5210595,-6.6810594,-6.8610597,-7.0110598,-7.1610594,-7.3210597,-7.49106,-7.6610594,-7.8210597,-7.9510593,-8.06106,-8.14106,-8.241059,-8.331059,-8.42106,-8.50106,-8.56106,-8.611059,-8.611059,-8.611059,-8.59106,-8.571059,-8.56106,-8.531059,-8.47106,-8.401059,-8.31106,-8.241059,-8.17106,-8.121059,-8.09106,-8.05106,-8.01106,-7.9510593,-7.9110594,-7.9210596,-7.9210596,-7.9110594,-7.8910594,-7.8510594,-7.8210597,-7.8310595,-7.8510594,-7.9010596,-7.9110594,-7.8010597,-7.6310596,-7.4310594,-7.24106,-7.1610594,-7.1210594,-7.0510597
-4.7810597,-4.9510593,-5.1310596,-5.3210597,-5.5010595,-5.6910596,-5.8510594,-5.99106,-6.1010594,-6.2110596,-6.3310595,-6.4310594,-6.5210595,-6.6310596,-6.7510595,-6.8710594,-6.99106,-7.1110597,-7.2110596,-7.2510595,-7.3010597,-7.3610597,-7.4510593,-7.5210595,-7.6010594,-7.6810594,-7.7610598,-7.8010597,-7.8210597,-7.8110595,-7.7910595,-7.7710595,-7.74106,-7.7110596,-7.6710596,-7.6710596,-7.6710596,-7.6410594,-7.6310596,-7.6310596,-7.6710596,-7.6810594,-7.6810594,-7.6410594,-7.6110597,-7.5710597,-7.5510597,-7.5410595,-7.5810595,-7.5610595,-7.49106,-7.5310597,-7.5610595,-7.5710597,-7.4510593,-7.2810597,-7.0810595
-3.9110596,-4.0710597,-4.22106,-4.3410597,-4.4310594,-4.5210595,-4.6610594,-4.7810597,-4.8810596,-4.99106,-5.0910597,-5.1810594,-5.2910595,-5.3910594,-5.5110598,-5.6310596,-5.7610598,-5.8410597,-5.9210596,-6.0110598,-6.1110597,-6.2010593,-6.3010597,-6.4110594,-6.5210595,-6.6010594,-6.6610594,-6.7110596,-6.7710595,-6.8210597,-6.8610597,-6.9110594,-6.9610596,-6.99106,-7.0110598,-7.0110598,-7.0410595,-7.0510597,-6.9610596,-6.8410597,-6.72106,-6.4810596,-6.5110598,-6.6010594,-6.6510596,-6.6710596,-6.6910596,-6.72106,-6.8910594,-7.1110597,-7.1610594,-7.1710596,-7.2910595,-7.47106,-7.4510593,-7.1610594,-6.8110595
-3.0410595,-3.2710595,-3.3510597,-3.4710596,-3.5710595,-3.6710596,-3.8610597,-4.0210595,-4.1710596,-4.3210597,-4.4610596,-4.5710597,-4.72106,-4.9110594,-5.0710597,-5.2110596,-5.3310595,-5.47106,-5.6010594,-5.6410594,-5.6210594,-5.5610595,-5.5010595,-5.4610596,-5.4310594,-5.4010596,-5.4210596,-5.4810596,-5.47106,-5.4310594,-5.4110594,-5.5610595,-5.5310597,-5.2510595,-4.9810596,-4.6010594,-4.2510595,-3.9510596,-3.8610597,-3.9510596,-4.1010594,-4.2710595,-4.49106,-4.72106,-4.8810596,-4.9110594,-4.9210596,-5.0210595,-5.1410594,-5.2610598,-5.4210596,-5.3710594,-5.4410596,-5.7010593,-5.8310595,-5.7910595,-5.9610596
-1.8810595,-1.7110596,-1.8310596,-2.2610595,-2.6010597,-2.8810596,-3.1210597,-3.3910596,-3.6410596,-3.7910595,-3.8810596,-4.0310597,-4.22106,-4.3810596,-4.4810596,-4.5410595,-4.5910597,-4.6110597,-4.6910596,-4.8010597,-4.8710594,-4.8610597,-4.8010597,-4.6510596,-4.49106,-4.1310596,-3.4510596,-2.7910595,-2.6310596,-2.7610595,-2.9110596,-2.9610596,-3.0310595,-3.1910596,-3.2210596,-3.3510597,-3.5710595,-3.7610595,-3.9110596,-4.0110598,-4.0710597,-4.1710596,-4.2510595,-4.3110595,-4.4610596,-4.5110598,-4.5610595,-4.7010593,-4.8110595,-4.8210597,-4.9410596,-5.0810595,-5.0810595,-5.0910597,-5.2710595,-5.5110598,-5.6310596
0.5489404,-0.16105957,-0.0010595703,1.0489404,0.69894046,-0.55105954,-0.32105958,-1.2810596,-3.4410596,-4.5610595,-4.7010593,-4.6010594,-4.47106,-4.3410597,-4.2910595,-4.3510594,-4.4410596,-4.4810596,-4.4310594,-4.49106,-4.5910597,-4.5310597,-4.2310596,-3.5210595,-2.9310596,-2.9910595,-3.3010595,-3.8210595,-4.1210594,-4.1610594,-4.1110597,-4.1810594,-4.3010597,-4.3610597,-2.6210597,-2.4210596,-3.1310596,-1.5710596,-0.66105956,-1.5710596,-3.0810595,-3.9910595,-4.1410594,-4.1910596,-4.3310595,-4.3610597,-4.4110594,-4.3510594,-4.2310596,-4.1810594,-4.0910597,-3.9610596,-3.9810596,-4.0710597,-4.1810594,-4.4110594,-4.7310596
-2.7610595,-1.7910596,-0.41105956,-0.98105955,-1.7310596,-1.7310596,-1.2210596,-0.9610596,-1.0710596,-2.0210595,-3.0010595,-3.2610595,-4.0210595,-4.8810596,-5.0910597,-5.0610595,-5.0410595,-5.1210594,-5.2710595,-5.2910595,-5.2010593,-5.1210594,-4.9010596,-4.5210595,-3.9310596,-3.9710596,-4.1110597,-4.8810596,-4.7010593,-4.6410594,-4.47106,-4.5810595,-4.7610598,-4.8810596,-4.74106,-3.9810596,-3.5010595,-2.0410595,1.5289404,1.4589404,0.04894043,0.8789404,-0.02105957,-2.8010595,-4.5510597,-4.5510597,-4.4510593,-4.4410596,-4.4510593,-4.5010595,-4.5310597,-4.4010596,-4.22106,-4.0110598,-3.8710597,-3.7510595,-3.6510596
-1.5610596,-1.4810596,-1.6510596,-1.8410596,-1.7610595,-1.5610596,-1.4210596,-1.3810595,-1.6410595,-1.9010596,-1.8810595,-1.7310596,-2.0910597,-2.6210597,-3.0810595,-3.7910595,-4.2810597,-4.6210594,-5.1310596,-5.2510595,-5.2710595,-5.3510594,-5.4010596,-5.5710597,-5.6410594,-5.2910595,-4.6410594,-4.5810595,-4.7810597,-4.8610597,-4.7910595,-4.6010594,-4.4410596,-4.5410595,-4.3110595,-5.1710596,-5.2710595,-5.0210595,-4.1410594,-1.5410596,-3.1710596,-2.1310596,-1.1810596,-1.0210595,0.32894042,-0.08105957,0.45894042,0.09894043,-1.5610596,-3.4210596,-3.5210595,-3.2410595,-2.9610596,-2.8110595,-2.5810595,-2.3910596,-2.3410597
-1.4610596,-1.3310596,-1.2510595,-1.2010596,-1.1910596,-1.2610595,-1.3610595,-1.7310596,-1.9910595,-2.1010597,-1.9710596,-1.6510596,-1.7710595,-2.1510596,-2.4810596,-2.7610595,-3.0310595,-3.4810596,-4.1010594,-4.5110598,-4.7610598,-4.9410596,-5.0710597,-5.1210594,-5.4310594,-5.6910596,-5.7710595,-5.7110596,-5.5610595,-5.47106,-5.3210597,-5.1110597,-4.9010596,-5.0010595,-4.8010597,-4.2910595,-3.8810596,-3.5110595,-3.2910595,-3.9710596,-3.5010595,-2.9110596,-2.3210595,-2.5910597,-1.6910596,-0.17105956,-0.06105957,0.20894043,0.9389404,0.82894045,0.45894042,-0.47105956,-1.2310596,-2.0810595,-1.6310595,-0.97105956,-0.84105957
-3.9310596,-3.6310596,-2.7610595,-2.6110597,-2.0810595,-1.8810595,-1.8210596,-1.5410596,-0.98105955,0.07894043,0.84894043,-0.7010596,-3.4410596,-3.8410597,-3.7010596,-3.6910596,-3.6910596,-3.5910597,-3.3510597,-3.2110596,-3.5310595,-4.0210595,-4.22106,-4.3110595,-4.3810596,-4.3410597,-4.1810594,-4.1110597,-4.1010594,-4.1010594,-4.0810595,-4.0610595,-3.9710596,-4.0010595,-3.8210595,-3.5810595,-3.2010596,-3.1010597,-2.8610597,-2.5110595,-1.9910595,-1.5110595,-1.4810596,-1.2910596,0.05894043,1.6489404,1.4389404,0.6089404,2.1889405,1.6089405,-0.16105957,-0.30105957,0.42894042,0.36894044,0.04894043,-0.14105958,-0.35105956
1.2489405,2.3089404,3.6589403,2.7289405,2.3989403,-0.44105956,-3.4610596,-5.0810595,-3.8510597,-2.0310595,-1.3610595,-0.5210596,0.49894044,0.5589404,0.9189404,-1.3610595,-2.5210595,-2.6810596,-2.8410597,-2.9710596,-2.9010596,-2.5510595,-2.4210596,-2.4610596,-2.6610596,-2.7210596,-2.7210596,-2.6410596,-2.4710596,-2.3210595,-2.2310596,-2.0310595,-1.8010596,-1.4610596,-1.2910596,-0.91105956,-0.13105957,1.5189404,0.38894042,0.52894044,1.6989404,0.29894042,-0.8310596,-0.91105956,0.7489404,1.2689404,1.4389404,1.3689405,0.94894046,1.0689404,1.5189404,0.50894046,0.47894043,1.0589404,0.50894046,0.43894044,0.07894043
0.70894045,0.01894043,-2.1610596,-1.5510596,-0.61105955,0.83894044,0.30894044,0.16894042,-0.74105954,0.48894042,0.9289404,0.46894044,0.02894043,0.16894042,0.8589404,-0.73105955,-2.3110595,-2.9010596,-2.8510597,-2.7710595,-2.8310595,-2.7910595,-2.7010596,-2.5810595,-2.4810596,-2.4410596,-2.6310596,-2.4610596,-2.4710596,-2.4010596,-2.0710595,-0.73105955,0.29894042,-0.17105956,-1.0810596,-1.2410595,-1.6210595,-0.90105957,-0.16105957,0.17894043,0.96894044,0.18894044,-0.44105956,-0.10105957,-0.73105955,-1.0610596,-1.2310596,-3.1310596,-1.4210596,-1.3710595,-1.0310596,-1.1910596,-1.9910595,-2.3110595,-1.4510596,-0.39105958,0.26894042
-1.1910596,-1.2910596,-0.15105957,-0.25105956,-0.53105956,-0.59105957,-0.27105957,-0.15105957,-0.06105957,0.25894043,0.14894043,-0.23105957,0.34894043,0.51894045,-0.30105957,-1.8210596,-2.7110596,-3.0610595,-2.8210595,-2.8210595,-2.9410596,-2.7910595,-2.9210596,-2.9810596,-2.7710595,-2.7910595,-3.0510595,-2.8310595,-3.5210595,-3.5210595,-2.9110596,-1.8110596,-1.2710595,-1.9310596,-2.5010595,-1.9610596,-2.0110595,-2.9210596,-3.4610596,-3.0210595,-2.3410597,-2.2010596,-2.3610597,-3.2810595,-4.0810595,-2.1210597,-2.3210595,-3.5610595,-2.2310596,-2.4810596,-3.1910596,-2.8610597,-2.9110596,-1.0810596,-0.67105955,-0.40105957,-0.9510596
-0.8810596,-0.74105954,0.38894042,0.6889404,0.16894042,0.06894043,-0.06105957,-0.0010595703,0.21894044,0.008940429,-0.11105957,-0.31105956,-0.04105957,-0.14105958,-0.91105956,-2.0510595,-2.7410595,-2.9210596,-2.9610596,-2.8110595,-3.2210596,-2.9910595,-2.9510596,-3.4410596,-1.6910596,-2.3610597,-2.2210596,-2.8210595,-1.7610595,-1.6910596,-0.9510596,-3.0910597,-2.1310596,-2.3810596,-3.1410596,-2.7610595,-1.8010596,-1.5910596,-2.5010595,-2.5910597,-3.2510595,-4.2310596,-4.49106,-4.6110597,-5.0910597,-4.7810597,-4.3610597,-4.1410594,-4.1010594,-4.4410596,-3.6910596,-3.0710595,-2.7610595,-2.3010595,-2.0210595,-1.5710596,-1.2010596
0.17894043,1.9689404,2.2089405,1.7389405,1.4889405,1.3289404,0.9889404,1.0789404,0.64894044,0.09894043,-0.30105957,-0.36105958,-0.25105956,-1.0610596,-2.3610597,-3.0610595,-2.6610596,-2.5210595,-2.7410595,-3.2010596,-2.9910595,-2.9610596,-2.9610596,-3.1710596,-3.9310596,-3.8010595,-1.7910596,-2.7010596,-3.1510596,-1.7810596,-3.4510596,-3.1810596,-3.0810595,-3.7910595,-3.8210595,-2.1610596,-1.6710596,-1.3510596,-3.2610595,-4.0210595,-4.1010594,-5.1510596,-6.4810596,-7.1110597,-7.2110596,-7.0010595,-6.6610594,-4.5810595,-5.3210597,-3.4010596,-3.7110596,-3.8310595,-3.6610596,-3.8210595,-2.6410596,-2.4710596,-0.9510596
-1.6510596,2.3589404,2.9889405,3.0189404,2.7989404,1.9789405,1.8089404,1.4089404,1.0289404,0.22894043,-0.27105957,-0.24105957,-0.86105955,-1.6110595,-2.5310595,-2.5210595,-2.7010596,-2.6610596,-2.7410595,-2.6610596,-2.8110595,-3.0910597,-2.8410597,-2.5710595,-3.1810596,-3.5410595,-3.9210596,-2.2210596,-3.6110597,-3.5310595,-4.0710597,-2.5110595,-0.84105957,-1.3010596,-2.4510596,-2.7510595,-3.0210595,-3.7310596,-4.1410594,-4.5510597,-5.49106,-6.2810597,-6.4110594,-5.47106,-4.7710595,-4.1010594,-4.8710594,-6.47106,-5.3310595,-4.2910595,-3.8210595,-2.0510595,-1.4310596,-1.6110595,-3.0510595,-3.3110595,-3.1710596
2.2089405,3.6689405,2.5789404,3.1189404,2.5489404,1.9589404,1.7889404,0.9389404,0.59894043,0.04894043,-0.02105957,-0.9410596,-1.5810596,-2.3710597,-2.4210596,-2.4510596,-2.6110597,-1.8610595,-2.4810596,-1.7210596,-3.0910597,-3.1110597,-3.1810596,-3.1410596,-3.4110596,-2.8710597,-3.3710597,-4.1410594,-2.8210595,-2.6110597,-2.0210595,-2.5210595,-0.44105956,-2.5010595,-1.7910596,-1.3710595,-2.8510597,-3.9410596,-1.4810596,-2.0910597,-3.9310596,-7.8210597,-9.51106,-3.2310596,-4.5010595,-5.1410594,-3.1810596,-0.17105956,1.1589404,0.9789404,1.3089404,2.5289404,1.6689404,1.8389404,1.9589404,3.5789404,4.2689404
3.0589404,2.4889405,1.5389404,1.8589405,1.6489404,1.3489404,0.7889404,1.3889405,2.3889403,1.8989404,-0.38105956,-1.2110596,-1.8910595,-1.6510596,-2.2010596,-2.2310596,-3.4610596,-3.1510596,-2.9510596,-2.5210595,-3.3810596,-3.1610596,-3.4910595,-3.8010595,-3.6510596,-3.0610595,-3.9010596,-3.9110596,-4.1310596,-4.5110598,-2.6310596,-1.0910596,-1.3010596,-1.9810596,-0.02105957,-0.27105957,-0.8810596,-3.0110595,-2.0910597,-4.2810597,-2.8610597,-3.5510595,-4.0610595,-8.27106,-4.5210595,2.3489404,6.0889406,6.6589403,5.1289406,3.9889405,3.6289403,4.7389402,4.4989405,5.8189406,4.4989405,5.1589403,6.3489404
1.7789404,1.8689405,1.1789404,2.1889405,2.0089405,1.2389405,1.9889405,2.5789404,2.8189404,0.7289404,-0.65105957,0.6289404,-1.9610596,-2.3510597,-2.7510595,-2.9610596,-2.9710596,-3.8510597,-2.3310595,-2.9410596,-3.2610595,-3.0110595,-2.6810596,-2.7610595,-2.7410595,-3.1410596,-3.5710595,-2.8210595,-4.2310596,-5.0710597,-4.2310596,-0.39105958,2.4789405,0.63894045,-0.39105958,-0.15105957,0.43894044,0.9289404,-0.90105957,-0.03105957,1.2789404,2.8289404,1.2689404,1.9689404,3.0689404,4.7189403,6.8889403,3.7389405,6.7989407,6.0989404,7.1189404,6.6389403,7.0689406,6.4789405,6.8489404,7.0989404,7.1789403
1.9089404,1.8389404,2.0089405,1.1589404,0.64894044,0.21894044,0.31894043,0.65894043,-0.13105957,-2.8610597,-1.5810596,0.21894044,-1.1710596,-2.2810595,-2.4310596,-2.6810596,-2.6010597,-1.4610596,-2.2010596,-2.4610596,-2.5610595,-2.4510596,-2.7010596,-2.6210597,-2.4910595,-2.6510596,-2.7410595,-3.3010595,-2.3710597,-2.5510595,-2.4310596,-1.9610596,0.63894045,0.11894043,0.8689404,1.3489404,0.36894044,1.3389404,1.5589404,0.77894044,1.7089404,2.0589404,2.5289404,2.1089404,3.2689404,2.0489404,1.5989404,0.77894044,5.8589406,4.3489404,7.2689404,6.6789403,3.9589405,6.1689405,6.8989406,8.058941,9.56894
0.9889404,-0.04105957,-0.42105958,-0.6410596,0.35894042,0.82894045,-0.7010596,-2.1510596,-1.9710596,-1.5410596,-0.9510596,-0.65105957,-1.8410596,-2.7010596,-2.8910596,-3.2310596,-2.7110596,-3.1610596,-2.1610596,-2.4010596,-2.7510595,-2.6510596,-2.8810596,-2.8710597,-2.5410595,-2.5510595,-2.9110596,-2.7510595,-2.7510595,-3.2410595,-2.5310595,0.19894043,0.26894042,0.28894043,1.3789405,1.1489404,1.1389405,0.7289404,1.6689404,0.84894043,0.51894045,-0.32105958,-1.1410595,-1.2610595,-1.0510596,0.33894044,-0.7510596,3.2089405,4.7889404,7.4189405,6.9789405,7.7489405,8.088941,6.4889402,9.15894,7.0789404,9.9589405
0.02894043,-0.7010596,0.71894044,-1.8810595,-2.8210595,-1.6310595,-1.7510595,-1.0510596,-2.8810596,-2.2310596,-0.04105957,-0.5710596,-1.0210595,-0.9610596,-2.3410597,-2.4410596,-2.5810595,-3.1710596,-3.3310595,-3.8810596,-3.8410597,-3.8910596,-4.0410595,-3.8810596,-3.6310596,-3.3210595,-3.2310596,-3.4210596,-2.9310596,-2.7610595,-2.3810596,0.23894043,0.48894042,0.6789404,0.36894044,-0.73105955,-0.24105957,-0.19105957,-0.08105957,-0.36105958,-0.35105956,-0.05105957,-3.8810596,-4.49106,-4.9510593,-4.7810597,-0.10105957,6.1989403,4.6589403,6.00894,3.9389405,4.1489406,7.7389402,7.6889405,8.258941,8.088941,8.73894
