Particles/windmap/data/testWavesAutre.json
{"header": { "discipline":10, "disciplineName":"Oceanographic products", "gribEdition":2, "gribLength":53824, "center":7, "centerName":"US National Weather Service - NCEP(WMC)", "subcenter":0, "refTime":"2024-04-16T00:00:00.000Z", "significanceOfRT":1, "significanceOfRTName":"Start of forecast", "productStatus":0, "productStatusName":"Operational products", "productType":1, "productTypeName":"Forecast products", "productDefinitionTemplate":0, "productDefinitionTemplateName":"Analysis/forecast at horizontal level/layer at a point in time", "parameterCategory":0, "parameterCategoryName":"Waves", "parameterNumber":10, "parameterNumberName":"Primary_wave_direction", "parameterUnit":"degrees", "genProcessType":2, "genProcessTypeName":"Forecast", "forecastTime":0, "surface1Type":1, "surface1TypeName":"Ground or water surface", "surface1Value":1.0, "surface2Type":255, "surface2TypeName":"Missing", "surface2Value":0.0, "gridDefinitionTemplate":0, "gridDefinitionTemplateName":"Latitude_Longitude", "numberPoints":99631, "shape":6, "shapeName":"Earth spherical with radius of 6,371,229.0 m", "gridUnits":"degrees", "resolution":48, "winds":"true", "scanMode":0, "nx":301, "ny":331, "basicAngle":0, "subDivisions":0, "lo1":260.0, "la1":55.0, "lo2":310.0, "la2":0.0, "dx":0.166667, "dy":0.166667 }, "data":
[rows 99 to 131 of 331, columns 148 to 221 of 301]
"NaN","NaN",116.28,123.07,126.16,127.66,128.73,129.41,129.8,130.25,130.9,132.11,134.0,137.13,141.0,144.91,148.56,164.33,165.53,166.75,170.55,173.66,174.7,175.64,176.31,176.75,177.38,178.17,179.17,181.22,183.81,185.3,186.63,188.45,190.73,193.24,195.68,198.13,200.34,202.24,202.37,203.48,205.13,206.79,211.65,216.16,216.01,217.6,217.99,218.03,217.79,218.49,220.27,222.16,223.12,223.29,223.75,224.89,221.04,223.98,227.09,229.02,229.8,"NaN","NaN","NaN","NaN","NaN","NaN","NaN","NaN","NaN","NaN","NaN"
"NaN","NaN",121.67,123.64,126.62,128.07,129.01,129.67,130.0,130.47,131.33,133.17,135.94,139.5,143.41,147.61,151.97,167.52,168.35,167.45,169.63,173.5,175.03,175.32,176.72,177.94,178.47,179.12,180.15,181.58,183.22,185.24,187.84,190.89,194.04,197.01,199.59,201.82,203.65,204.94,204.8,205.18,206.06,208.82,213.23,216.06,216.02,216.93,217.1,217.55,218.44,219.99,222.06,224.05,224.91,218.8,220.7,223.56,226.75,230.03,231.89,232.1,"NaN","NaN","NaN","NaN","NaN","NaN","NaN","NaN","NaN","NaN","NaN","NaN"
"NaN","NaN",124.54,125.22,127.1,128.67,129.52,130.15,130.64,131.55,132.79,135.12,137.94,140.94,144.77,149.37,166.37,170.08,171.64,170.37,170.61,174.07,176.33,175.87,177.31,179.0,179.21,179.67,181.07,183.55,186.77,190.46,194.45,198.28,201.71,204.31,206.09,207.42,208.52,208.88,208.13,207.16,207.17,209.35,212.44,214.63,215.01,214.23,213.78,213.85,214.11,215.27,217.18,218.33,218.71,220.25,222.93,225.81,228.57,230.61,231.4,"NaN","NaN","NaN","NaN","NaN","NaN","NaN","NaN","NaN","NaN","NaN","NaN","NaN"
"NaN",124.6,123.85,125.8,127.41,128.61,129.29,129.91,130.77,132.08,133.65,136.13,138.58,141.19,145.24,161.96,166.84,171.16,173.48,172.62,172.53,175.54,177.71,177.66,178.27,179.3,179.94,182.22,186.16,190.63,195.15,199.67,203.76,207.25,210.17,212.08,213.18,213.77,213.78,213.06,211.63,209.68,208.37,209.26,211.62,213.26,213.78,213.41,213.17,212.95,213.62,215.85,217.86,218.29,219.01,220.97,223.63,226.22,227.68,228.42,228.92,"NaN","NaN","NaN","NaN","NaN","NaN","NaN","NaN","NaN","NaN","NaN","NaN","NaN"
123.05,122.62,123.3,124.97,126.75,127.85,128.56,129.3,130.4,132.12,133.39,135.06,137.68,140.64,157.09,162.26,166.84,170.83,173.75,174.15,174.7,176.95,178.69,179.41,179.73,180.98,183.92,188.72,194.11,199.43,204.32,208.51,211.75,214.32,216.47,217.81,218.24,218.12,217.62,216.43,214.9,213.18,211.56,211.03,211.95,213.34,214.01,213.88,213.86,214.57,216.42,217.94,217.98,217.81,219.03,221.3,225.45,227.86,228.9,229.7,"NaN","NaN","NaN","NaN","NaN","NaN","NaN","NaN","NaN","NaN","NaN","NaN","NaN","NaN"
120.31,120.71,121.82,123.75,125.62,126.79,127.8,128.79,130.24,132.47,134.7,135.75,137.38,140.54,157.9,162.83,167.63,171.73,174.56,176.28,177.37,178.52,179.96,181.28,182.88,185.89,190.66,196.32,202.09,207.39,211.66,214.92,217.0,218.72,220.28,221.0,220.87,220.76,220.52,219.83,218.69,217.28,215.93,214.79,214.49,214.92,215.47,216.0,216.69,217.49,217.98,217.48,216.69,217.4,221.19,225.47,228.74,230.47,231.22,"NaN","NaN","NaN","NaN","NaN","NaN","NaN","NaN","NaN","NaN","NaN","NaN","NaN","NaN","NaN"
118.03,119.14,120.75,122.62,124.41,125.84,127.15,128.41,129.83,131.79,134.41,136.9,139.28,142.71,160.73,165.61,170.47,174.8,178.21,180.5,181.86,182.66,183.78,185.66,188.64,192.9,198.08,203.72,208.98,213.19,216.4,218.76,220.2,221.41,222.06,222.02,221.64,221.86,222.54,222.9,222.5,221.62,220.56,219.46,218.66,218.23,218.16,218.34,218.37,218.02,217.45,217.27,217.99,222.83,227.53,230.64,232.69,233.99,"NaN","NaN","NaN","NaN","NaN","NaN","NaN","NaN","NaN","NaN","NaN","NaN","NaN","NaN","NaN","NaN"
116.62,117.96,119.8,121.89,123.81,125.24,126.07,127.27,128.81,130.83,133.51,137.11,141.31,160.35,165.36,170.47,175.32,179.59,183.08,185.62,187.32,188.79,190.7,193.15,196.3,200.46,205.2,209.84,213.98,217.24,219.32,220.66,221.38,221.62,221.19,220.35,219.86,221.32,223.54,224.97,225.56,225.7,225.54,225.02,224.46,223.9,223.47,223.33,223.11,222.84,222.99,224.32,227.78,231.56,234.03,235.49,237.24,238.2,"NaN","NaN","NaN","NaN","NaN","NaN","NaN","NaN","NaN","NaN","NaN","NaN","NaN","NaN","NaN","NaN"
115.51,117.2,118.8,121.36,123.62,124.77,125.07,126.05,127.93,130.68,134.46,139.57,145.55,166.06,171.21,176.0,180.21,183.91,187.29,190.04,192.26,194.53,197.36,200.35,203.38,206.79,210.58,214.38,217.67,219.39,219.72,219.71,219.59,219.39,219.15,218.96,220.11,222.58,225.02,226.79,228.36,229.41,230.08,230.84,231.45,231.46,231.5,231.77,232.35,229.41,231.9,234.48,236.74,237.96,238.21,239.73,241.52,"NaN","NaN","NaN","NaN","NaN","NaN","NaN","NaN","NaN","NaN","NaN","NaN","NaN","NaN","NaN","NaN","NaN"
168.41,172.88,175.33,178.33,179.78,123.97,124.55,126.02,129.07,133.52,138.92,160.64,166.81,172.11,176.48,180.28,196.75,199.7,202.73,205.13,206.94,208.82,201.86,204.73,207.54,210.92,214.64,217.71,219.4,218.37,218.06,218.98,219.84,220.3,220.75,221.73,223.77,225.99,227.72,229.44,231.34,233.22,234.91,236.74,237.99,238.51,231.94,233.11,234.74,236.73,238.69,240.1,240.53,240.46,241.89,243.99,"NaN","NaN","NaN","NaN","NaN","NaN","NaN","NaN","NaN","NaN","NaN","NaN","NaN","NaN","NaN","NaN","NaN","NaN"
168.8,174.97,177.95,179.11,121.89,122.92,124.91,128.11,132.89,139.05,161.25,167.45,172.76,177.09,193.84,195.95,198.31,201.27,204.37,206.89,208.86,210.75,212.53,207.78,210.8,214.32,217.48,219.55,218.89,217.73,219.98,222.12,223.4,224.12,224.69,225.58,227.02,228.82,230.69,232.57,234.51,236.45,238.42,240.41,235.03,235.69,236.34,237.15,238.12,239.3,240.43,241.44,242.55,244.67,246.84,"NaN","NaN","NaN","NaN","NaN","NaN","NaN","NaN","NaN","NaN","NaN","NaN","NaN","NaN","NaN","NaN","NaN","NaN","NaN"
170.87,175.55,177.81,178.05,121.54,123.13,126.5,131.68,138.38,160.82,167.94,173.56,191.75,193.96,195.25,196.99,199.99,203.47,206.64,208.94,210.67,212.38,214.13,215.67,213.43,216.53,219.27,219.99,218.74,220.46,223.63,225.9,227.21,227.94,228.49,229.39,230.47,231.46,232.56,234.01,235.58,231.46,233.22,235.08,236.28,236.85,237.24,237.95,239.45,241.62,243.97,246.16,248.5,250.47,250.24,"NaN","NaN","NaN","NaN","NaN","NaN","NaN","NaN","NaN","NaN","NaN","NaN","NaN","NaN","NaN","NaN","NaN","NaN","NaN"
173.45,178.49,180.32,179.25,121.64,124.25,129.37,136.18,158.82,167.09,173.83,192.7,194.67,195.33,195.93,198.29,202.13,205.71,208.49,210.34,211.87,213.67,215.55,216.88,218.18,220.01,220.16,218.98,219.67,222.86,221.5,222.52,222.85,223.45,231.35,232.62,233.5,233.99,234.51,235.25,231.49,232.72,234.19,235.5,236.49,237.53,239.29,241.88,244.89,247.58,249.8,251.81,253.5,253.57,"NaN","NaN","NaN","NaN","NaN","NaN","NaN","NaN","NaN","NaN","NaN","NaN","NaN","NaN","NaN","NaN","NaN","NaN","NaN","NaN"
176.08,181.35,182.56,180.75,122.3,126.1,132.87,155.95,164.66,172.78,193.38,195.9,196.17,195.8,196.99,200.27,204.12,207.17,209.38,211.11,212.92,214.99,216.9,217.91,219.01,220.09,218.15,216.51,217.87,219.44,220.93,221.6,222.28,223.48,225.2,227.31,234.44,235.3,236.21,233.39,234.4,235.53,236.89,238.24,239.83,242.01,244.51,246.83,248.77,250.42,252.54,254.65,255.69,"NaN","NaN","NaN","NaN","NaN","NaN","NaN","NaN","NaN","NaN","NaN","NaN","NaN","NaN","NaN","NaN","NaN","NaN","NaN","NaN","NaN"
176.77,181.75,182.5,180.04,123.58,128.73,151.66,160.96,169.98,192.53,196.62,197.78,196.48,196.33,198.64,202.34,205.51,208.0,209.84,211.97,214.3,216.24,217.74,218.7,219.89,219.83,217.29,216.64,217.44,218.08,219.04,220.01,221.25,222.69,224.45,226.77,229.36,234.59,235.94,235.39,236.87,238.37,240.19,241.99,243.97,245.53,246.99,248.51,249.96,251.72,254.0,255.71,"NaN","NaN","NaN","NaN","NaN","NaN","NaN","NaN","NaN","NaN","NaN","NaN","NaN","NaN","NaN","NaN","NaN","NaN","NaN","NaN","NaN","NaN"
175.0,179.88,179.81,121.15,125.18,131.72,155.54,181.29,189.48,195.22,198.34,197.8,195.93,197.0,200.58,204.14,206.75,208.84,210.59,212.61,214.83,216.93,218.52,219.93,221.34,220.34,217.57,216.58,216.43,216.52,217.33,218.8,220.38,221.83,223.59,226.2,229.27,232.01,234.31,236.48,238.48,240.36,242.36,244.41,246.27,247.37,248.47,249.6,250.85,252.53,254.17,255.5,"NaN","NaN","NaN","NaN","NaN","NaN","NaN","NaN","NaN","NaN","NaN","NaN","NaN","NaN","NaN","NaN","NaN","NaN","NaN","NaN","NaN","NaN"
114.07,175.04,116.15,121.75,126.97,148.69,175.15,184.03,206.14,196.18,198.11,196.6,195.43,198.36,202.78,206.17,208.45,210.14,211.54,212.9,214.63,216.88,219.33,221.5,222.62,220.77,218.21,216.91,215.98,215.57,216.18,217.75,219.63,221.67,223.95,226.96,230.55,233.37,235.47,237.26,239.06,240.92,242.55,244.66,246.35,247.51,248.23,249.41,251.13,252.71,253.77,"NaN","NaN","NaN","NaN","NaN","NaN","NaN","NaN","NaN","NaN","NaN","NaN","NaN","NaN","NaN","NaN","NaN","NaN","NaN","NaN","NaN","NaN","NaN"
173.09,178.74,117.36,122.99,141.86,150.75,192.52,200.7,206.71,209.52,196.81,195.4,196.52,200.84,205.48,208.58,210.49,211.75,212.8,213.83,215.03,217.05,220.16,222.89,223.91,222.48,220.69,219.0,217.23,216.24,216.3,217.72,220.38,223.52,227.03,231.4,235.08,236.88,237.61,238.23,238.98,239.7,240.61,242.04,243.43,244.69,246.05,248.29,250.41,251.62,"NaN","NaN","NaN","NaN","NaN","NaN","NaN","NaN","NaN","NaN","NaN","NaN","NaN","NaN","NaN","NaN","NaN","NaN","NaN","NaN","NaN","NaN","NaN","NaN"
178.23,183.03,119.95,124.97,143.75,187.63,194.31,201.31,206.18,208.06,206.06,204.12,206.18,203.93,208.02,210.87,212.94,214.35,215.27,216.27,217.79,218.17,220.01,222.06,226.79,226.8,226.07,224.56,222.84,221.27,220.69,222.09,225.43,229.92,234.86,239.54,241.42,241.08,240.13,239.2,238.19,236.94,236.34,236.7,238.13,239.84,242.54,245.65,247.54,"NaN","NaN","NaN","NaN","NaN","NaN","NaN","NaN","NaN","NaN","NaN","NaN","NaN","NaN","NaN","NaN","NaN","NaN","NaN","NaN","NaN","NaN","NaN","NaN","NaN"
185.09,188.57,124.48,138.46,183.73,189.4,195.29,200.95,205.0,206.17,204.59,205.2,208.47,211.13,213.11,214.61,215.91,216.99,217.95,219.13,220.68,222.45,224.33,225.98,227.24,227.84,228.47,232.46,232.38,231.87,231.84,233.61,237.01,241.31,244.93,246.56,245.98,244.23,242.36,240.17,237.17,233.78,231.81,231.6,232.39,234.18,237.19,239.96,241.63,"NaN","NaN","NaN","NaN","NaN","NaN","NaN","NaN","NaN","NaN","NaN","NaN","NaN","NaN","NaN","NaN","NaN","NaN","NaN","NaN","NaN","NaN","NaN","NaN","NaN"
191.13,196.31,203.6,204.25,199.78,204.31,208.31,200.3,204.14,205.75,205.5,207.06,209.81,212.25,214.39,216.19,217.65,218.83,220.16,221.79,223.76,225.92,228.09,230.2,231.03,231.25,232.2,234.23,236.45,238.21,240.43,242.93,246.45,248.51,249.61,249.35,248.12,246.63,244.45,241.29,236.93,233.03,230.18,228.25,227.61,228.12,228.48,229.18,"NaN","NaN","NaN","NaN","NaN","NaN","NaN","NaN","NaN","NaN","NaN","NaN","NaN","NaN","NaN","NaN","NaN","NaN","NaN","NaN","NaN","NaN","NaN","NaN","NaN","NaN"
197.03,202.16,208.28,207.89,201.77,205.34,208.53,210.72,204.19,206.5,207.03,208.39,210.47,212.8,215.04,216.86,218.2,219.4,220.98,223.05,225.46,228.03,230.33,231.91,232.57,233.87,235.89,237.93,239.69,241.56,243.54,245.22,247.01,248.78,250.24,249.96,249.78,248.81,246.58,242.9,238.05,233.06,228.27,224.63,221.41,217.99,215.35,"NaN","NaN","NaN","NaN","NaN","NaN","NaN","NaN","NaN","NaN","NaN","NaN","NaN","NaN","NaN","NaN","NaN","NaN","NaN","NaN","NaN","NaN","NaN","NaN","NaN","NaN","NaN"
201.04,207.33,213.58,211.84,203.88,206.37,208.76,211.0,212.5,213.1,208.7,209.51,210.84,212.55,214.26,215.9,217.25,218.76,220.89,223.59,226.6,229.64,232.14,233.77,235.04,236.77,238.89,240.69,241.88,243.15,244.41,245.82,247.54,249.47,251.37,253.22,254.74,255.63,255.74,244.99,239.14,231.77,223.56,214.82,206.81,200.25,"NaN","NaN","NaN","NaN","NaN","NaN","NaN","NaN","NaN","NaN","NaN","NaN","NaN","NaN","NaN","NaN","NaN","NaN","NaN","NaN","NaN","NaN","NaN","NaN","NaN","NaN","NaN","NaN"
207.56,214.17,210.67,215.89,205.85,207.1,208.99,211.75,213.38,213.72,213.83,213.84,213.82,214.03,214.53,215.17,215.96,217.53,219.85,222.6,225.51,228.3,235.5,237.38,238.74,240.14,241.75,243.27,244.74,245.95,246.99,247.88,248.85,250.25,252.11,254.19,256.07,257.4,257.59,245.21,239.46,231.05,219.44,205.75,132.4,130.34,"NaN","NaN","NaN","NaN","NaN","NaN","NaN","NaN","NaN","NaN","NaN","NaN","NaN","NaN","NaN","NaN","NaN","NaN","NaN","NaN","NaN","NaN","NaN","NaN","NaN","NaN","NaN","NaN"
215.22,220.64,215.09,218.51,217.9,207.37,209.83,212.98,214.65,215.16,215.61,216.49,217.92,219.66,221.12,222.27,223.28,224.56,226.67,229.09,231.39,233.82,236.0,237.58,239.11,240.65,242.24,247.87,249.15,250.0,250.13,249.94,250.07,251.14,252.99,255.01,256.7,257.67,244.46,242.04,238.95,232.44,220.28,202.75,127.93,"NaN","NaN","NaN","NaN","NaN","NaN","NaN","NaN","NaN","NaN","NaN","NaN","NaN","NaN","NaN","NaN","NaN","NaN","NaN","NaN","NaN","NaN","NaN","NaN","NaN","NaN","NaN","NaN","NaN"
221.65,225.15,217.5,218.54,216.37,207.69,211.26,214.02,215.18,215.95,217.47,219.71,222.94,226.59,229.31,230.89,231.57,232.55,234.3,236.33,238.71,240.91,242.56,243.71,244.72,246.34,248.31,249.3,250.23,250.53,250.1,250.05,251.02,252.59,254.14,255.41,236.7,235.65,234.4,234.63,233.71,228.23,215.72,195.61,"NaN","NaN","NaN","NaN","NaN","NaN","NaN","NaN","NaN","NaN","NaN","NaN","NaN","NaN","NaN","NaN","NaN","NaN","NaN","NaN","NaN","NaN","NaN","NaN","NaN","NaN","NaN","NaN","NaN","NaN"
225.4,226.63,217.49,216.37,214.63,214.55,211.88,214.26,215.69,217.09,219.56,222.85,227.44,232.02,235.34,236.97,237.82,238.71,240.16,242.86,245.58,247.29,248.25,248.83,249.45,250.73,251.88,252.43,252.81,252.5,252.76,254.04,255.91,257.39,220.45,220.31,219.11,216.41,214.5,212.9,210.14,203.8,190.38,"NaN","NaN","NaN","NaN","NaN","NaN","NaN","NaN","NaN","NaN","NaN","NaN","NaN","NaN","NaN","NaN","NaN","NaN","NaN","NaN","NaN","NaN","NaN","NaN","NaN","NaN","NaN","NaN","NaN","NaN","NaN"
225.27,224.32,214.89,213.43,213.22,214.12,214.26,213.75,213.03,213.72,217.05,221.5,226.3,229.96,231.94,240.03,241.3,242.5,244.94,247.84,249.76,250.65,251.75,252.58,253.41,253.69,253.48,253.46,253.86,254.89,256.57,258.46,134.05,132.98,131.76,130.42,128.94,127.12,124.97,122.67,120.76,119.81,119.8,"NaN","NaN","NaN","NaN","NaN","NaN","NaN","NaN","NaN","NaN","NaN","NaN","NaN","NaN","NaN","NaN","NaN","NaN","NaN","NaN","NaN","NaN","NaN","NaN","NaN","NaN","NaN","NaN","NaN","NaN","NaN"
221.01,219.62,217.72,212.43,213.78,214.68,214.62,213.99,213.57,215.62,220.18,225.09,229.25,232.16,233.64,234.28,235.1,244.75,247.57,249.81,251.07,252.23,253.54,254.43,254.74,254.71,254.71,255.09,256.47,258.38,260.2,129.31,128.98,128.89,128.48,127.8,126.88,125.65,123.99,122.06,120.32,119.21,"NaN","NaN","NaN","NaN","NaN","NaN","NaN","NaN","NaN","NaN","NaN","NaN","NaN","NaN","NaN","NaN","NaN","NaN","NaN","NaN","NaN","NaN","NaN","NaN","NaN","NaN","NaN","NaN","NaN","NaN","NaN","NaN"
217.1,217.35,217.59,218.01,217.73,216.92,216.84,216.78,217.27,220.58,224.92,228.87,226.74,234.53,235.7,236.37,237.52,240.19,242.96,244.83,252.39,253.6,254.29,254.97,255.58,256.11,256.79,257.82,127.82,126.47,125.61,125.43,125.83,126.35,126.47,126.08,125.31,124.43,123.41,122.08,120.7,"NaN","NaN","NaN","NaN","NaN","NaN","NaN","NaN","NaN","NaN","NaN","NaN","NaN","NaN","NaN","NaN","NaN","NaN","NaN","NaN","NaN","NaN","NaN","NaN","NaN","NaN","NaN","NaN","NaN","NaN","NaN","NaN","NaN"
217.09,218.69,219.71,220.28,220.05,219.73,219.29,218.72,219.13,221.84,225.11,228.05,230.06,231.49,231.54,232.18,241.64,244.06,245.97,247.72,249.18,249.77,255.76,257.09,258.26,258.7,126.59,125.25,124.0,122.92,122.29,122.19,122.8,123.74,124.47,124.56,124.12,123.48,122.79,121.95,"NaN","NaN","NaN","NaN","NaN","NaN","NaN","NaN","NaN","NaN","NaN","NaN","NaN","NaN","NaN","NaN","NaN","NaN","NaN","NaN","NaN","NaN","NaN","NaN","NaN","NaN","NaN","NaN","NaN","NaN","NaN","NaN","NaN","NaN"
217.38,219.89,222.15,223.56,224.19,224.7,225.37,225.91,227.05,228.78,230.74,231.42,233.39,235.07,235.89,237.11,238.29,247.06,248.58,250.52,251.71,252.63,254.09,255.49,122.57,122.28,121.01,119.99,119.48,120.49,119.55,118.97,119.2,120.11,121.3,122.02,122.03,121.72,121.35,120.92,"NaN","NaN","NaN","NaN","NaN","NaN","NaN","NaN","NaN","NaN","NaN","NaN","NaN","NaN","NaN","NaN","NaN","NaN","NaN","NaN","NaN","NaN","NaN","NaN","NaN","NaN","NaN","NaN","NaN","NaN","NaN","NaN","NaN","NaN"
216.96,221.02,224.64,227.1,224.8,225.16,225.62,225.49,225.68,226.28,225.58,225.97,229.08,239.01,240.59,241.33,242.31,125.45,125.1,124.64,123.74,122.51,121.86,121.65,121.74,121.51,120.46,119.08,118.48,117.79,116.81,115.71,115.58,116.04,117.37,118.71,119.46,119.37,119.64,"NaN","NaN","NaN","NaN","NaN","NaN","NaN","NaN","NaN","NaN","NaN","NaN","NaN","NaN","NaN","NaN","NaN","NaN","NaN","NaN","NaN","NaN","NaN","NaN","NaN","NaN","NaN","NaN","NaN","NaN","NaN","NaN","NaN","NaN","NaN"
