Particles/windmap/data/test.json
{"header": { "discipline":0, "disciplineName":"Meteorological products", "gribEdition":2, "gribLength":78426, "center":7, "centerName":"US National Weather Service - NCEP(WMC)", "subcenter":0, "refTime":"2024-04-10T00:00:00.000Z", "significanceOfRT":1, "significanceOfRTName":"Start of forecast", "productStatus":0, "productStatusName":"Operational products", "productType":1, "productTypeName":"Forecast products", "productDefinitionTemplate":0, "productDefinitionTemplateName":"Analysis/forecast at horizontal level/layer at a point in time", "parameterCategory":2, "parameterCategoryName":"Momentum", "parameterNumber":2, "parameterNumberName":"U-component_of_wind", "parameterUnit":"m.s-1", "genProcessType":2, "genProcessTypeName":"Forecast", "forecastTime":0, "surface1Type":103, "surface1TypeName":"Specified height level above ground", "surface1Value":10.0, "surface2Type":255, "surface2TypeName":"Missing", "surface2Value":0.0, "gridDefinitionTemplate":0, "gridDefinitionTemplateName":"Latitude_Longitude", "numberPoints":65160, "shape":6, "shapeName":"Earth spherical with radius of 6,371,229.0 m", "gridUnits":"degrees", "resolution":48, "winds":"true", "scanMode":0, "nx":360, "ny":181, "basicAngle":0, "lo1":0.0, "la1":90.0, "lo2":359.0, "la2":-90.0, "dx":1.0, "dy":1.0 }, "data":
[rows 25 to 49 of 181, columns 114 to 170 of 360]
1.4506384,1.2306384,0.87063843,0.44063842,1.5306385,1.2106384,0.78063846,0.60063845,1.4406384,2.9506385,0.9006384,-3.7093616,-1.6393616,-0.39936158,0.23063843,1.6206384,1.6306385,1.1806384,1.5106385,0.5806384,0.10063843,0.74063843,-0.75936157,-0.70936155,0.36063844,0.33063844,1.3806385,1.2306384,0.72063845,0.010638428,1.3606384,1.0306385,1.6206384,-0.6193616,0.86063844,1.2906384,0.17063843,-0.9093616,0.19063842,1.6006384,1.2206384,1.5506384,2.0406384,2.2006385,3.2706385,1.4606384,3.5206385,2.7006385,2.3506384,1.3606384,1.1006384,1.3006384,1.2806385,0.80063844,1.1706384,1.5306385,-0.87936157
1.1106384,1.0706384,0.4806384,0.43063843,0.26063842,0.8806384,1.1306385,1.1306385,0.97063845,0.8406384,0.7506384,0.28063843,-1.3193616,-1.4093616,-0.63936156,-0.6593616,-1.1693616,-0.6893616,-0.28936157,-0.039361574,0.17063843,0.4506384,0.6906384,-0.37936157,0.92063844,1.1406385,1.8306384,1.1306385,0.32063842,-0.75936157,1.8206384,-0.5493616,1.5306385,0.5606384,0.39063844,0.8106384,1.9006385,1.2806385,0.27063844,1.5706384,0.9406384,1.4906384,1.3606384,1.5406384,1.4806384,1.3106384,1.8906385,0.5106384,1.3906385,1.7306384,1.1406385,1.7006384,2.0506384,1.7306384,-0.11936157,-0.56936157,0.020638429
0.91063845,0.28063843,1.0806384,0.60063845,0.5706384,1.0806384,1.4406384,1.6506385,3.0006385,1.4706384,1.4706384,1.8506384,1.1006384,0.91063845,1.1106384,1.1706384,0.87063843,1.6506385,1.0906384,0.16063842,-0.22936158,-0.04936157,-0.38936156,-0.22936158,-1.3093616,0.21063843,1.0706384,1.5606384,0.8906384,0.7106384,0.36063844,1.6806384,1.0706384,1.4506384,1.2706385,1.3606384,1.0306385,1.7006384,-1.0093616,0.8406384,0.060638428,1.0206385,0.73063844,1.2506385,0.79063845,1.4106385,1.1106384,0.29063842,1.1006384,1.3606384,0.5606384,1.3406384,2.1706383,2.5706384,3.9706385,6.5806384,7.7906384
0.97063845,1.4906384,1.3006384,0.8306384,0.44063842,0.4806384,0.74063843,1.1606385,1.3006384,1.2206384,0.53063846,0.050638426,0.12063843,0.5806384,1.1806384,1.1806384,0.5806384,1.1306385,1.2106384,1.3506384,1.3806385,0.110638425,0.010638428,0.29063842,0.16063842,1.2806385,0.8906384,0.010638428,-1.5893615,0.61063844,0.25063843,2.8306384,1.1206384,0.54063845,0.73063844,1.6406385,-1.3293616,1.0106385,0.28063843,-0.45936158,1.2306384,1.2606385,-0.24936157,2.0006385,0.17063843,0.33063844,-2.0093615,-0.63936156,0.8806384,0.5806384,0.35063842,0.7106384,1.9706384,2.5706384,2.8806384,2.7606385,3.8106384
-0.6093616,-0.63936156,-0.6793616,-0.21936157,-0.04936157,0.67063844,0.6506384,0.030638428,1.2306384,0.93063843,1.0606384,0.24063843,0.19063842,-0.30936158,-0.31936157,-0.019361572,0.37063843,0.5906384,0.10063843,0.53063846,0.8306384,0.47063842,0.32063842,0.5906384,0.16063842,0.5606384,1.7506385,2.3906384,0.60063845,0.27063844,0.35063842,-0.58936155,-0.33936158,6.3842774E-4,-0.19936158,-0.5493616,-0.96936154,-0.11936157,-2.1393616,0.8406384,-0.21936157,1.2606385,-0.2693616,-2.4593616,-1.2593616,-1.5093616,-0.8693616,-0.7493616,0.27063844,1.7206384,-0.39936158,0.61063844,0.85063845,0.8806384,2.3106384,1.7106384,2.1006384
-0.7393616,-0.39936158,0.20063843,-0.7993616,-1.4493616,-0.7493616,0.020638429,0.19063842,0.5606384,0.10063843,-0.059361573,0.7006384,0.18063843,0.070638426,0.55063844,1.1106384,-0.109361574,-0.39936158,0.030638428,0.23063843,0.09063843,1.0206385,1.1906384,1.7906384,1.8306384,1.7506385,1.6406385,2.1306384,2.4106383,1.2706385,1.0306385,0.010638428,0.85063845,0.6906384,1.4606384,1.0906384,-1.3093616,-0.56936157,-0.95936155,-1.1693616,-1.4093616,-1.5193616,-2.4193616,-3.5793617,-2.8593616,-2.6693616,-2.7093616,-2.9193616,-1.9893615,-0.75936157,-0.71936154,0.24063843,-0.04936157,2.4406385,3.5106385,4.0806384,4.280638
-1.0893615,0.22063842,0.66063845,1.2206384,0.43063843,0.8106384,0.08063843,1.1706384,0.9506384,0.9406384,-0.019361572,0.4506384,0.08063843,-0.25936157,-0.09936157,0.20063843,0.17063843,1.2606385,1.4906384,2.1506383,1.4406384,0.9006384,1.5206385,2.0906384,1.2806385,2.2306385,2.7206385,1.7506385,3.1506383,1.0506384,2.7706385,0.9606384,0.43063843,0.72063845,0.5206384,-0.77936155,-0.37936157,-1.1793616,-0.059361573,-1.8893616,-1.2193615,-4.7993617,-4.0393615,-5.2593617,-5.4293613,-5.7593617,-2.2993615,-2.3793616,-1.8093616,-3.9193616,-4.3893614,-5.1793613,-3.6193616,-0.81936157,2.0606384,5.8806386,8.640638
-0.95936155,-0.57936156,-0.9993616,0.80063844,0.66063845,-0.9793616,1.0606384,1.5906384,2.0706384,1.4106385,0.54063845,0.14063843,1.2306384,-0.40936157,0.14063843,0.54063845,0.20063843,0.30063844,0.49063843,1.1606385,1.9806384,2.1806383,2.7506385,2.0406384,1.7206384,2.5306385,2.8906384,2.2106385,1.3106384,0.9606384,1.9906384,1.6706384,1.0106385,0.7106384,0.13063842,0.17063843,-1.0293616,-2.3393617,-5.0193615,-5.6693616,-6.8393617,-6.699362,-6.7593617,-6.8793616,-5.1293616,-3.3293617,0.030638428,-3.0193615,-1.8993616,-2.7293615,-4.0593615,-1.0893615,2.7306385,3.3506384,5.3206387,7.3406386,7.7406383
-1.1393616,-1.2793616,1.3306384,0.060638428,-0.88936156,1.0406384,1.7006384,0.6906384,0.78063846,0.32063842,0.10063843,-0.5393616,0.08063843,-0.52936155,0.18063843,0.54063845,0.39063844,0.25063843,0.5906384,0.68063843,1.4706384,0.85063845,1.0206385,2.3106384,2.6806383,2.3906384,0.92063844,0.26063842,0.04063843,0.62063843,0.5906384,1.0306385,2.7406385,1.7806385,0.44063842,-0.23936157,-1.1993616,-2.6593616,-4.0593615,-5.9093614,-6.0493617,-6.2593617,-6.9593616,-2.2993615,-3.9893615,-2.3493617,-3.4593616,-3.9593616,-1.7193615,-3.4993615,-1.3693615,-0.059361573,0.5906384,1.8806385,2.4806385,4.510638,5.8906384
1.7406384,-0.11936157,-0.50936157,0.32063842,0.08063843,1.3806385,1.6406385,0.60063845,0.35063842,0.53063846,-0.96936154,-1.2393615,-1.5093616,-0.9393616,-1.0693616,0.46063843,0.7706384,-0.5493616,0.73063844,1.7806385,1.1006384,-0.77936155,1.8806385,3.1606383,0.28063843,2.1106384,0.91063845,0.40063843,1.4506384,0.78063846,0.54063845,0.7606384,1.3706384,0.91063845,0.070638426,-0.70936155,-1.0693616,-2.0593615,-3.8393617,-4.3693614,-4.8893614,-4.7793617,-1.0293616,-0.15936157,-3.2393615,-2.2493615,0.20063843,-0.7893616,-2.6793616,-5.1193614,-3.2793615,-2.5993617,-6.2793617,-4.0593615,-1.2193615,2.0006385,3.3206384
0.8106384,0.20063843,0.39063844,0.5606384,1.0506384,1.1606385,1.2706385,1.1906384,1.1006384,1.7106384,-0.9793616,0.04063843,-2.5093615,-2.3293617,-1.6293616,-0.94936156,-1.1493616,-0.7393616,1.4406384,1.4906384,1.6606385,2.7806385,7.6806383,2.5206385,2.8406384,2.8106384,3.8906384,4.9706383,5.2206383,4.7206383,4.3506384,2.0206385,1.6006384,1.4806384,-0.18936157,-0.6693616,-1.3693615,-2.3993616,-3.2993615,-4.6293616,-4.0093617,-3.1493616,0.62063843,-0.059361573,-3.2493615,-0.89936155,-2.7493615,-0.2693616,-1.6093615,-0.49936157,-2.1293616,-2.8893616,-7.719362,-3.9793615,-3.8993616,-1.6193615,0.15063843
0.61063844,0.47063842,0.17063843,0.35063842,0.9506384,1.2506385,1.1806384,1.3906385,0.91063845,1.2206384,-0.32936156,-0.2693616,-2.5093615,-1.5293616,-0.9193616,-0.24936157,-0.7393616,-0.09936157,0.8206384,1.2606385,1.3306384,3.6706383,1.1806384,0.10063843,0.5006384,3.6006384,2.6606383,4.2906384,7.1406384,4.7106385,4.3106384,3.0306385,1.6606385,1.1806384,1.2106384,0.49063843,0.10063843,-1.8793616,-3.9093616,-4.4593616,-6.6393614,-1.9693615,2.8106384,-0.77936155,-1.9093616,-1.5893615,-4.1493616,-2.8593616,0.04063843,-0.11936157,-0.88936156,-0.7293616,-2.0493615,-5.5093617,-4.8093615,-2.6893616,-0.20936157
0.39063844,0.55063844,0.93063843,1.1106384,0.6506384,1.0506384,1.6906384,2.7506385,3.9506385,3.0406384,1.6206384,2.2306385,-1.9993615,-2.6693616,-3.0393615,-3.0793617,-2.8593616,-1.1893616,-0.39936158,-0.109361574,1.0406384,2.9906385,0.19063842,1.9806384,1.7506385,1.8406384,1.8406384,3.9006383,3.3906384,5.6106386,5.6106386,4.3806386,2.8706384,3.2006385,2.9906385,2.7306385,0.78063846,-0.22936158,-3.1893616,-4.3693614,-4.9793615,-5.699362,-6.0793614,-3.9593616,-2.4893615,-6.5693617,-1.7593616,1.1406385,2.8506384,-1.2193615,-0.31936157,-0.43936157,-1.3693615,-3.0093615,-2.5493615,-2.5593615,-0.6593616
-0.029361572,0.5706384,0.7706384,1.5606384,1.2806385,1.3006384,1.1106384,1.4206384,1.2406384,2.3106384,2.6806383,1.6306385,-0.08936157,-0.019361572,0.21063843,-0.5993616,-0.2693616,-0.47936156,-1.5393616,0.20063843,1.3206384,3.0706384,0.9006384,-0.009361573,2.6506383,2.3506384,2.4406385,3.9606385,2.4406385,5.780638,6.4706383,6.3706384,5.9506383,5.7306385,6.3406386,5.0206385,4.1406384,4.6206384,4.800638,2.3506384,0.98063844,-2.5993617,-3.1793616,-2.8393617,-2.1193616,2.0906384,3.2906384,3.7906384,-1.3393615,-0.83936155,-0.6593616,-0.25936157,-0.33936158,-1.8693615,-2.5493615,-1.7293615,-0.20936157
0.16063842,0.43063843,0.34063843,0.74063843,1.5406384,1.7306384,0.8206384,0.92063844,1.7906384,2.4506385,1.9906384,1.9706384,3.4806385,0.7706384,1.3206384,0.8306384,-0.28936157,-0.30936158,-0.28936157,0.35063842,1.7706385,2.5506384,0.78063846,-0.14936157,1.8806385,2.6006384,3.0606384,1.6806384,0.87063843,2.8206384,6.8906384,7.5706387,7.1706386,7.4906383,7.9506383,7.4506383,6.8506384,9.190639,8.670638,8.560638,8.340638,5.4506383,2.1606383,2.7306385,3.5706384,2.1706383,2.6306384,1.4506384,-1.2593616,-1.0293616,-0.63936156,-0.36936158,-0.28936157,-1.0393616,-1.3193616,-1.1993616,-0.52936155
-1.0793616,-0.25936157,0.6906384,1.4006385,0.87063843,-1.1793616,1.0106385,1.4906384,2.2806385,3.4306383,1.4906384,-0.32936156,0.8906384,3.2106385,1.4506384,0.8306384,0.55063844,0.7606384,0.93063843,1.4806384,1.9306384,1.3006384,2.1606383,3.0406384,3.2806385,4.6806383,4.1706386,0.4506384,1.2306384,2.3206384,-0.27936158,5.7306385,7.7506385,8.650639,10.420638,12.090638,11.930638,10.060638,10.290638,11.100638,11.700639,9.250638,8.590638,6.3806386,4.0906386,3.8306384,2.6106384,-0.52936155,-1.4593616,-1.4993615,-1.7393615,-0.9893616,-0.71936154,-1.1193615,-1.3393615,-1.2393615,-0.9293616
-1.7493615,-1.2993616,0.7706384,2.0406384,0.93063843,1.5206385,1.2506385,1.4206384,3.1506383,1.4206384,2.3506384,2.4206383,2.0706384,2.8506384,1.6206384,2.2006385,0.070638426,0.98063844,1.6806384,1.8106384,3.7906384,3.7706385,2.7306385,1.9506384,3.5806384,6.0206385,5.8506384,4.8106384,3.8006384,6.3206387,5.5006385,3.7206385,7.3206387,9.270638,11.800638,14.090638,14.200639,13.670638,12.190639,11.920638,12.690639,14.220638,11.270638,8.200639,4.4106383,2.7806385,1.1106384,0.010638428,-1.9193616,-1.5693616,-1.2893616,-1.3793616,-1.1793616,-1.7693616,-1.6593616,-2.0993617,-1.1693616
-2.3793616,-1.7193615,-0.7993616,-1.1693616,-0.16936158,1.8106384,0.87063843,2.8306384,0.8406384,1.9106385,2.7406385,2.3106384,2.6006384,1.6806384,1.5506384,0.6406384,1.6106384,1.0106385,4.0406384,2.7806385,4.7906384,5.0406384,3.3606384,4.030638,4.1906385,2.2606385,4.800638,7.4506383,9.090638,9.250638,10.680638,9.430638,9.080639,9.200639,12.780639,14.340638,14.400639,14.530639,13.550638,13.820639,12.860639,13.950639,13.200639,10.130638,5.2406383,2.7906384,1.9606384,-1.3493615,-1.1493616,-1.2593616,-1.4493616,-2.1793616,-1.6193615,-3.6093616,-3.1793616,-2.8193617,-2.1293616
-0.8693616,-0.30936158,0.6306384,2.0106385,1.5906384,1.8706384,0.92063844,1.7706385,1.7606385,3.4906385,2.4706385,2.2606385,1.9906384,1.1806384,0.67063844,0.21063843,1.1606385,3.5206385,3.0306385,3.0606384,2.2006385,1.8606384,2.5906384,2.9906385,3.4106383,4.530638,7.2106385,6.760638,6.4306383,6.280638,8.640638,9.750638,9.550638,11.110639,11.540638,13.300638,14.540638,14.990639,14.830639,14.080639,14.130638,13.460638,12.920638,10.830639,5.6206384,3.5006385,2.0106385,-0.50936157,-1.0893615,-0.9893616,-1.1693616,-1.9793615,-2.8493617,-2.6393616,-4.0593615,-4.2593617,-3.6393616
2.1106384,2.9406385,1.7306384,2.0006385,0.5906384,1.1906384,1.6906384,1.4406384,1.9806384,2.4606385,2.3406384,0.9506384,0.33063844,0.42063844,-1.6693616,1.9106385,0.53063846,0.44063842,1.8506384,0.97063845,2.6206384,2.2706385,2.8206384,2.6506383,4.1406384,7.0006385,8.150639,9.190639,7.2906384,7.9806385,8.630638,8.800638,9.600638,10.290638,12.120639,12.990639,12.200639,11.500638,15.490639,14.170638,13.870639,13.540638,12.200639,9.800638,4.9906383,2.9306383,2.1106384,0.12063843,-0.5593616,-0.5393616,-0.87936157,-1.8493615,-3.6893616,-3.4493616,-4.4993615,-4.4793615,-4.8893614
0.87063843,3.7406385,2.2206385,2.5106385,2.4906385,1.6706384,0.6906384,1.2506385,1.2806385,1.4506384,1.5006385,0.8106384,0.6406384,-1.6193615,-0.6193616,-0.25936157,1.7706385,1.8306384,-0.22936158,2.8806384,1.4906384,3.8806384,3.1806383,5.5706387,8.600638,8.070639,9.370639,9.140638,7.1006384,8.320639,9.100638,10.950639,9.350638,9.310638,9.9806385,10.450639,13.310638,14.300638,15.320639,11.850638,12.520638,12.820639,12.550638,8.410639,3.3306384,2.4506385,2.2706385,0.78063846,0.43063843,-0.30936158,-0.7293616,-1.5393616,-2.9693615,-3.7293615,-4.5093617,-5.7893615,-5.3893614
0.110638425,1.4006385,1.4306384,0.40063843,0.13063842,1.5706384,0.5606384,1.5706384,1.5406384,0.26063842,1.0106385,1.5506384,-0.039361574,-1.4793615,-0.04936157,1.1006384,0.9406384,0.44063842,1.0206385,0.73063844,2.3006384,3.7606385,5.5806384,8.790638,9.850638,9.670638,8.870639,9.250638,6.4906383,7.7906384,6.9406385,6.6306386,6.9606385,9.320639,10.010638,10.520638,9.970638,12.620639,12.630638,12.360639,10.580639,12.050638,13.410639,6.4306383,3.6106384,2.2406385,3.0606384,3.0106385,0.66063845,0.5806384,1.2006384,-0.14936157,-1.7793616,-3.7193615,-4.5293617,-6.4193616,-5.8593616
0.10063843,0.9406384,2.7606385,3.2706385,1.7706385,1.3706384,2.1206384,3.1706383,1.8006384,1.6006384,1.2006384,0.8906384,-0.63936156,-1.3493615,0.5706384,-0.9293616,-0.8593616,0.10063843,-0.08936157,1.3406384,2.3706384,5.1306386,6.1106386,6.6306386,8.530639,8.710638,9.020638,4.7206383,2.6306384,6.3806386,6.300638,4.7106385,7.7306385,8.340638,10.290638,11.150639,11.540638,11.610639,10.890638,11.430638,12.660639,12.660639,13.890638,5.9706383,3.8806384,2.6706383,2.6206384,3.1206384,1.7306384,1.3406384,2.2506385,1.5406384,0.27063844,-2.7093616,-4.3893614,-6.1493616,-6.0993614
1.5706384,2.5506384,1.5406384,-0.039361574,1.2706385,1.5306385,2.1006384,1.3906385,1.0406384,2.1406384,-0.88936156,0.14063843,0.29063842,0.28063843,3.8806384,1.6006384,-0.21936157,5.7306385,3.7006385,4.2906384,5.5706387,6.5006385,6.7306385,6.9506383,6.3206387,8.450639,7.8706384,4.1506386,6.8206387,8.940639,9.930638,7.8606386,8.040638,7.9406385,8.810638,10.390638,8.050638,10.040638,9.330639,9.920638,10.540638,11.910639,8.720638,3.6406384,2.9906385,3.3506384,2.7906384,2.2606385,2.4806385,1.1606385,1.9306384,2.8206384,2.9306383,1.1106384,-3.2693615,-6.2993617,-5.8293614
1.3406384,0.23063843,0.35063842,-0.21936157,0.19063842,2.2306385,1.1906384,1.1906384,1.9206384,-1.0693616,-1.4393616,0.43063843,-0.28936157,0.85063845,0.29063842,-0.38936156,5.6006384,4.530638,3.3406384,3.1706383,3.5406384,3.9706385,5.9906383,8.870639,9.060638,8.600638,9.950639,11.150639,11.890638,9.750638,8.520638,6.550638,7.3206387,6.2206383,7.800638,7.1406384,7.6906385,8.180638,8.900639,8.830639,9.180638,8.620639,3.2806385,3.4706385,3.0606384,2.3306384,2.5806384,3.4406385,1.7906384,1.0606384,1.1806384,2.4406385,3.6006384,1.5706384,-2.4693615,-5.3493614,-5.8793616
